111.654053 16.561136 1840605.125000 2.279391 -3137.537598 4.000000
111.654045 16.561174 1840609.375000 2.364294 -3137.543701 4.000000
111.654045 16.561180 1840610.000000 2.283724 -3137.545410 4.000000
111.654045 16.561180 1840610.000000 2.528249 -3137.543701 4.000000
111.654045 16.561186 1840610.750000 2.217602 -3137.546875 4.000000
111.654045 16.561186 1840610.750000 2.286804 -3137.546387 4.000000
111.654045 16.561186 1840610.750000 2.256402 -3137.546631 4.000000
111.654045 16.561193 1840611.500000 2.426904 -3137.546387 4.000000
111.654045 16.561199 1840612.125000 2.337696 -3137.548096 4.000000
111.654045 16.561205 1840612.875000 2.438172 -3137.548340 4.000000
111.654045 16.561205 1840612.875000 2.140288 -3137.550537 4.000000
111.654045 16.561213 1840613.625000 2.250951 -3137.550781 4.000000
111.654045 16.561213 1840613.625000 2.281830 -3137.550537 4.000000
111.654045 16.561213 1840613.625000 2.360578 -3137.550049 4.000000
111.654045 16.561218 1840614.250000 2.415962 -3137.550537 4.000000
111.654037 16.561232 1840615.750000 2.346968 -3137.552979 4.000000
111.654037 16.561232 1840615.750000 2.207566 -3137.554199 4.000000
111.654037 16.561237 1840616.375000 2.277878 -3137.554688 4.000000
111.654037 16.561237 1840616.375000 2.418900 -3137.553467 4.000000
111.654037 16.561251 1840617.875000 2.447719 -3137.555176 4.000000
111.654037 16.561256 1840618.500000 2.229318 -3137.557861 4.000000
111.654037 16.561256 1840618.500000 2.183028 -3137.558105 4.000000
