111.779610 16.030418 1783589.750000 -12.162093 16951.117188 3.000000
111.779602 16.030462 1783594.750000 -10.334005 16951.080078 3.000000
111.779602 16.030470 1783595.500000 -10.672894 16951.095703 3.000000
111.779602 16.030481 1783596.875000 -7.292234 16950.978516 4.000000
111.779602 16.030481 1783596.875000 -6.621219 16950.953125 4.000000
111.779602 16.030489 1783597.625000 -7.999061 16951.009766 3.000000
111.779602 16.030495 1783598.375000 -6.374252 16950.953125 4.000000
111.779587 16.030598 1783609.750000 -3.296785 16950.908203 4.000000
111.779587 16.030605 1783610.500000 -2.814875 16950.894531 4.000000
111.779587 16.030643 1783614.750000 -2.604866 16950.912109 4.000000
111.779587 16.030649 1783615.500000 -3.149943 16950.937500 4.000000
111.779579 16.030687 1783619.750000 -3.311669 16950.968750 4.000000
111.779579 16.030701 1783621.250000 -2.642481 16950.953125 4.000000
111.779579 16.030701 1783621.250000 -1.988996 16950.927734 4.000000
111.779572 16.030739 1783625.500000 -1.562436 16950.937500 4.000000
111.779572 16.030739 1783625.500000 -0.768879 16950.908203 4.000000
111.779572 16.030752 1783627.000000 -1.497552 16950.943359 4.000000
111.779572 16.030758 1783627.625000 -1.922040 16950.962891 4.000000
111.779572 16.030766 1783628.375000 -0.554201 16950.916016 4.000000
111.779572 16.030798 1783632.000000 -0.977826 16950.951172 4.000000
111.779564 16.030817 1783634.125000 -0.491887 16950.945313 4.000000
111.779564 16.030842 1783637.000000 -0.529314 16950.960938 4.000000
111.779564 16.030849 1783637.625000 -0.683623 16950.970703 4.000000
111.779556 16.030880 1783641.250000 -4.748759 16951.140625 3.000000
111.779556 16.030926 1783646.250000 -0.620507 16951.011719 4.000000
111.779549 16.030972 1783651.250000 -2.007522 16951.085938 4.000000
111.779549 16.030996 1783654.125000 -1.939306 16951.095703 4.000000
111.779541 16.031054 1783660.500000 -1.132330 16951.091797 4.000000
111.779533 16.031086 1783664.125000 -1.182958 16951.107422 4.000000
111.779533 16.031092 1783664.875000 -1.437346 16951.119141 4.000000
111.779533 16.031113 1783667.000000 -2.362686 16951.162109 4.000000
111.779533 16.031124 1783668.375000 -1.354707 16951.128906 4.000000
111.779533 16.031151 1783671.250000 -2.246059 16951.171875 4.000000
111.779526 16.031164 1783672.625000 -1.020072 16951.128906 4.000000
111.779526 16.031170 1783673.375000 -0.992209 16951.130859 4.000000
111.779526 16.031170 1783673.375000 -2.171480 16951.173828 4.000000
111.779526 16.031176 1783674.125000 -2.585117 16951.191406 4.000000
111.779526 16.031176 1783674.125000 -2.617805 16951.193359 4.000000
111.779526 16.031183 1783674.875000 -2.982933 16951.208984 4.000000
111.779526 16.031195 1783676.250000 -0.285810 16951.113281 4.000000
111.779526 16.031202 1783677.000000 0.421055 16951.087891 4.000000
111.779526 16.031208 1783677.625000 -0.247998 16951.115234 4.000000
111.779526 16.031214 1783678.375000 0.151324 16951.101563 4.000000
111.779526 16.031221 1783679.125000 -1.309316 16951.158203 4.000000
111.779518 16.031265 1783684.125000 0.480079 16951.101563 4.000000
111.779518 16.031279 1783685.500000 0.485212 16951.105469 4.000000
111.779518 16.031292 1783687.000000 0.416294 16951.109375 4.000000
111.779518 16.031298 1783687.625000 0.823839 16951.095703 4.000000
111.779510 16.031305 1783688.375000 -0.468598 16951.169922 4.000000
111.779510 16.031311 1783689.125000 0.451369 16951.136719 4.000000
111.779510 16.031336 1783692.000000 0.445728 16951.132813 4.000000
111.779510 16.031343 1783692.625000 0.084139 16951.146484 4.000000
111.779510 16.031343 1783692.625000 -0.201280 16951.156250 4.000000
111.779510 16.031349 1783693.375000 -3.929728 16951.294922 4.000000
111.779510 16.031349 1783693.375000 0.285848 16951.138672 4.000000
111.779503 16.031368 1783695.500000 -1.916101 16951.216797 4.000000
111.779510 16.031368 1783695.500000 -0.893662 16951.179688 4.000000
111.779510 16.031376 1783696.250000 0.459473 16951.126953 4.000000
111.779503 16.031401 1783699.125000 0.452697 16951.123047 4.000000
111.779503 16.031406 1783699.750000 -0.607221 16951.162109 4.000000
111.779503 16.031420 1783701.250000 0.176158 16951.130859 4.000000
111.779503 16.031425 1783701.875000 -0.691861 16951.162109 4.000000
111.779503 16.031439 1783703.375000 0.249652 16951.123047 4.000000
111.779495 16.031452 1783704.750000 0.683066 16951.103516 4.000000
111.779495 16.031452 1783704.750000 -0.168482 16951.136719 4.000000
111.779495 16.031477 1783707.625000 1.074742 16951.083984 4.000000
111.779495 16.031485 1783708.375000 0.005944 16951.121094 4.000000
111.779495 16.031490 1783709.000000 0.131209 16951.115234 4.000000
111.779495 16.031509 1783711.125000 0.376888 16951.101563 4.000000
111.779495 16.031515 1783711.875000 -0.178925 16951.119141 4.000000
111.779488 16.031536 1783714.000000 0.600129 16951.083984 4.000000
111.779488 16.031534 1783714.000000 -0.142556 16951.113281 4.000000
111.779488 16.031536 1783714.000000 0.235598 16951.097656 4.000000
111.779488 16.031561 1783716.875000 1.079716 16951.058594 4.000000
111.779488 16.031586 1783719.750000 0.488832 16951.072266 4.000000
111.779488 16.031586 1783719.750000 1.149582 16951.046875 4.000000
111.779488 16.031586 1783719.750000 0.689593 16951.064453 4.000000
111.779488 16.031593 1783720.375000 0.709330 16951.060547 4.000000
111.779480 16.031618 1783723.250000 0.717831 16951.052734 4.000000
111.779480 16.031618 1783723.250000 0.457863 16951.060547 4.000000
111.779480 16.031631 1783724.750000 1.075031 16951.033203 4.000000
111.779480 16.031631 1783724.750000 0.584428 16951.052734 4.000000
111.779480 16.031631 1783724.750000 0.999024 16951.037109 4.000000
111.779480 16.031637 1783725.375000 0.547243 16951.050781 4.000000
111.779480 16.031670 1783729.000000 1.282266 16951.009766 4.000000
111.779472 16.031689 1783731.125000 1.345059 16951.000000 4.000000
111.779472 16.031694 1783731.875000 1.767019 16950.982422 4.000000
111.779472 16.031694 1783731.875000 0.971864 16951.011719 4.000000
111.779472 16.031708 1783733.250000 1.233165 16950.996094 4.000000
111.779472 16.031713 1783734.000000 1.247344 16950.992188 4.000000
111.779472 16.031727 1783735.375000 1.397494 16950.980469 4.000000
111.779472 16.031727 1783735.375000 0.871199 16951.000000 4.000000
111.779472 16.031740 1783736.750000 0.805216 16950.998047 4.000000
111.779472 16.031746 1783737.500000 1.146048 16950.982422 4.000000
111.779465 16.031759 1783738.875000 1.426230 16950.964844 4.000000
111.779465 16.031773 1783740.375000 1.185268 16950.968750 4.000000
111.779465 16.031773 1783740.375000 1.038640 16950.974609 4.000000
111.779465 16.031773 1783740.375000 1.544409 16950.955078 4.000000
111.779465 16.031778 1783741.000000 1.318949 16950.960938 4.000000
111.779465 16.031778 1783741.000000 1.525174 16950.953125 4.000000
111.779465 16.031784 1783741.750000 1.572508 16950.947266 4.000000
111.779465 16.031792 1783742.500000 1.636915 16950.943359 4.000000
111.779465 16.031797 1783743.250000 1.514191 16950.943359 4.000000
111.779465 16.031803 1783743.875000 1.280973 16950.949219 4.000000
111.779465 16.031811 1783744.625000 1.566835 16950.935547 4.000000
111.779465 16.031816 1783745.375000 1.511374 16950.935547 4.000000
111.779465 16.031824 1783746.000000 1.559693 16950.929688 4.000000
111.779465 16.031836 1783747.500000 1.714472 16950.917969 4.000000
111.779457 16.031849 1783748.875000 1.315807 16950.925781 4.000000
111.779457 16.031887 1783753.125000 1.732353 16950.890625 4.000000
111.779457 16.031887 1783753.125000 1.570474 16950.896484 4.000000
111.779457 16.031906 1783755.250000 1.501248 16950.888672 4.000000
111.779449 16.031912 1783756.000000 1.279769 16950.894531 4.000000
111.779449 16.031919 1783756.750000 1.530540 16950.880859 4.000000
111.779449 16.031925 1783757.375000 1.332678 16950.884766 4.000000
111.779449 16.031933 1783758.125000 1.865044 16950.861328 4.000000
111.779449 16.031939 1783758.875000 1.634373 16950.867188 4.000000
111.779449 16.031944 1783759.500000 1.402715 16950.871094 4.000000
111.779449 16.031944 1783759.500000 1.580284 16950.865234 4.000000
111.779449 16.031952 1783760.250000 1.558798 16950.863281 4.000000
111.779449 16.031982 1783763.875000 2.148463 16950.824219 4.000000
111.779442 16.031996 1783765.250000 1.601326 16950.835938 4.000000
111.779442 16.032009 1783766.625000 1.883069 16950.818359 4.000000
111.779442 16.032009 1783766.625000 1.769427 16950.824219 4.000000
111.779442 16.032015 1783767.375000 2.193996 16950.804688 4.000000
111.779442 16.032021 1783768.125000 1.810258 16950.814453 4.000000
111.779442 16.032028 1783768.750000 1.829340 16950.810547 4.000000
111.779442 16.032034 1783769.500000 2.158435 16950.794922 4.000000
111.779442 16.032034 1783769.500000 1.601633 16950.814453 4.000000
111.779442 16.032042 1783770.250000 2.018429 16950.796875 4.000000
111.779442 16.032066 1783773.000000 2.286941 16950.771484 4.000000
111.779442 16.032066 1783773.000000 2.349352 16950.769531 4.000000
111.779434 16.032110 1783778.000000 1.896538 16950.761719 4.000000
111.779434 16.032118 1783778.750000 2.211690 16950.746094 4.000000
111.779434 16.032118 1783778.750000 2.102090 16950.750000 4.000000
111.779434 16.032143 1783781.625000 2.127974 16950.734375 4.000000
111.779434 16.032143 1783781.625000 1.909447 16950.742188 4.000000
111.779427 16.032150 1783782.250000 1.673113 16950.748047 4.000000
111.779427 16.032150 1783782.250000 2.090328 16950.732422 4.000000
111.779427 16.032162 1783783.750000 2.311057 16950.716797 4.000000
111.779427 16.032162 1783783.750000 2.142032 16950.724609 4.000000
111.779427 16.032169 1783784.500000 1.902328 16950.728516 4.000000
111.779427 16.032169 1783784.500000 1.769784 16950.734375 4.000000
111.779427 16.032175 1783785.125000 2.036356 16950.720703 4.000000
111.779427 16.032175 1783785.125000 2.149600 16950.716797 4.000000
111.779427 16.032188 1783786.625000 2.360182 16950.701172 4.000000
111.779427 16.032194 1783787.250000 2.269354 16950.701172 4.000000
111.779427 16.032200 1783788.000000 2.151322 16950.701172 4.000000
111.779427 16.032200 1783788.000000 2.414253 16950.691406 4.000000
111.779427 16.032207 1783788.750000 2.465896 16950.687500 4.000000
111.779427 16.032219 1783790.125000 1.946664 16950.699219 4.000000
111.779427 16.032221 1783790.125000 2.243116 16950.687500 4.000000
111.779419 16.032232 1783791.500000 2.576060 16950.667969 4.000000
111.779419 16.032246 1783793.000000 2.012026 16950.681641 4.000000
111.779419 16.032265 1783795.125000 2.233396 16950.664063 4.000000
111.779419 16.032265 1783795.125000 2.333516 16950.660156 4.000000
111.779419 16.032278 1783796.500000 1.978622 16950.666016 4.000000
111.779419 16.032284 1783797.250000 2.204919 16950.654297 4.000000
111.779411 16.032309 1783800.125000 2.264655 16950.638672 4.000000
111.779411 16.032330 1783802.250000 2.238481 16950.628906 4.000000
111.779411 16.032341 1783803.625000 2.359342 16950.619141 4.000000
111.779411 16.032341 1783803.625000 2.119989 16950.626953 4.000000
111.779411 16.032349 1783804.375000 2.403426 16950.613281 4.000000
111.779411 16.032354 1783805.125000 2.507898 16950.605469 4.000000
111.779411 16.032354 1783805.125000 2.257252 16950.615234 4.000000
111.779411 16.032354 1783805.125000 2.366256 16950.611328 4.000000
111.779404 16.032387 1783808.625000 2.728409 16950.582031 4.000000
111.779404 16.032393 1783809.375000 2.416460 16950.589844 4.000000
111.779404 16.032406 1783810.750000 2.397597 16950.583984 4.000000
111.779404 16.032406 1783810.750000 2.126391 16950.593750 4.000000
111.779404 16.032419 1783812.250000 2.354706 16950.580078 4.000000
111.779404 16.032425 1783812.875000 2.149502 16950.583984 4.000000
111.779404 16.032431 1783813.625000 2.277855 16950.576172 4.000000
111.779404 16.032438 1783814.375000 1.995198 16950.583984 4.000000
111.779404 16.032450 1783815.750000 2.582357 16950.554688 4.000000
111.779396 16.032457 1783816.500000 2.101241 16950.570313 4.000000
111.779396 16.032463 1783817.125000 2.202420 16950.564453 4.000000
111.779396 16.032463 1783817.125000 2.810603 16950.541016 4.000000
111.779396 16.032476 1783818.625000 2.554213 16950.544922 4.000000
111.779396 16.032495 1783820.750000 2.382598 16950.542969 4.000000
111.779396 16.032534 1783825.000000 2.392595 16950.525391 4.000000
111.779388 16.032539 1783825.750000 2.072275 16950.533203 4.000000
111.779388 16.032553 1783827.125000 2.249927 16950.521484 4.000000
111.779388 16.032558 1783827.875000 2.964106 16950.492188 4.000000
111.779388 16.032566 1783828.500000 2.693789 16950.500000 4.000000
111.779388 16.032591 1783831.375000 2.191468 16950.494141 4.000000
111.779381 16.032618 1783834.250000 2.279290 16950.484375 4.000000
111.779381 16.032618 1783834.250000 2.724753 16950.466797 4.000000
111.779381 16.032623 1783835.000000 2.634079 16950.468750 4.000000
111.779381 16.032623 1783835.000000 2.222138 16950.484375 4.000000
111.779381 16.032623 1783835.000000 2.722242 16950.466797 4.000000
111.779381 16.032637 1783836.375000 2.499823 16950.470703 4.000000
111.779381 16.032667 1783840.000000 2.482569 16950.464844 4.000000
111.779381 16.032667 1783840.000000 2.323898 16950.470703 4.000000
111.779381 16.032675 1783840.625000 2.298617 16950.470703 4.000000
111.779373 16.032694 1783842.750000 2.382976 16950.462891 4.000000
111.779373 16.032700 1783843.500000 2.537664 16950.457031 4.000000
111.779373 16.032707 1783844.250000 2.595672 16950.453125 4.000000
111.779373 16.032713 1783845.000000 2.662560 16950.449219 4.000000
111.779373 16.032713 1783845.000000 2.718825 16950.447266 4.000000
111.779373 16.032719 1783845.625000 2.487114 16950.455078 4.000000
111.779373 16.032719 1783845.625000 2.575070 16950.451172 4.000000
111.779373 16.032726 1783846.375000 2.618485 16950.449219 4.000000
111.779373 16.032732 1783847.125000 2.404343 16950.457031 4.000000
111.779373 16.032732 1783847.125000 2.408685 16950.455078 4.000000
111.779373 16.032751 1783849.250000 2.860339 16950.435547 4.000000
111.779366 16.032764 1783850.625000 2.256538 16950.457031 4.000000
111.779366 16.032778 1783852.125000 2.555357 16950.443359 4.000000
111.779366 16.032784 1783852.750000 2.747969 16950.435547 4.000000
111.779366 16.032784 1783852.750000 2.417316 16950.447266 4.000000
111.779366 16.032797 1783854.250000 2.534138 16950.441406 4.000000
111.779366 16.032797 1783854.250000 2.788321 16950.431641 4.000000
111.779366 16.032803 1783855.000000 2.723866 16950.433594 4.000000
111.779366 16.032816 1783856.375000 2.725393 16950.431641 4.000000
111.779358 16.032841 1783859.250000 2.791938 16950.425781 4.000000
111.779358 16.032848 1783859.875000 2.561296 16950.435547 4.000000
111.779358 16.032854 1783860.625000 2.483465 16950.437500 4.000000
111.779358 16.032860 1783861.375000 2.766474 16950.425781 4.000000
111.779358 16.032873 1783862.750000 2.199459 16950.445313 4.000000
111.779358 16.032881 1783863.500000 2.774215 16950.423828 4.000000
111.779358 16.032881 1783863.500000 2.454485 16950.435547 4.000000
111.779358 16.032892 1783864.875000 2.660664 16950.427734 4.000000
111.779358 16.032900 1783865.625000 2.562877 16950.429688 4.000000
111.779358 16.032906 1783866.375000 2.785736 16950.421875 4.000000
111.779358 16.032906 1783866.375000 2.600822 16950.427734 4.000000
111.779350 16.032925 1783868.500000 2.635728 16950.425781 4.000000
111.779350 16.032930 1783869.250000 2.417902 16950.433594 4.000000
111.779350 16.032938 1783869.875000 2.340052 16950.435547 4.000000
111.779350 16.032944 1783870.625000 1.820144 16950.455078 4.000000
111.779350 16.032957 1783872.125000 2.583593 16950.425781 4.000000
111.779350 16.032957 1783872.125000 2.835642 16950.416016 4.000000
111.779350 16.032976 1783874.250000 2.474750 16950.429688 4.000000
111.779343 16.032982 1783874.875000 1.888898 16950.451172 4.000000
111.779343 16.033001 1783877.125000 2.479341 16950.427734 4.000000
111.779343 16.033009 1783877.750000 2.583772 16950.423828 4.000000
111.779343 16.033014 1783878.500000 2.629587 16950.421875 4.000000
111.779343 16.033022 1783879.250000 2.615701 16950.421875 4.000000
111.779343 16.033028 1783879.875000 2.077922 16950.441406 4.000000
111.779343 16.033047 1783882.000000 2.902548 16950.412109 4.000000
111.779335 16.033060 1783883.500000 2.674639 16950.419922 4.000000
111.779335 16.033072 1783884.875000 2.673999 16950.419922 4.000000
111.779335 16.033079 1783885.625000 2.699894 16950.417969 4.000000
111.779335 16.033085 1783886.375000 2.792913 16950.416016 4.000000
111.779335 16.033092 1783887.000000 2.558800 16950.423828 4.000000
111.779335 16.033092 1783887.000000 2.914092 16950.410156 4.000000
111.779335 16.033092 1783887.000000 2.731272 16950.417969 4.000000
111.779335 16.033098 1783887.750000 2.881921 16950.412109 4.000000
111.779335 16.033098 1783887.750000 2.414767 16950.429688 4.000000
111.779335 16.033104 1783888.500000 2.500915 16950.425781 4.000000
111.779327 16.033142 1783892.750000 2.530906 16950.425781 4.000000
111.779327 16.033142 1783892.750000 2.593531 16950.423828 4.000000
111.779327 16.033150 1783893.500000 2.703889 16950.419922 4.000000
111.779327 16.033163 1783894.875000 2.831557 16950.416016 4.000000
111.779327 16.033169 1783895.625000 2.182978 16950.439453 4.000000
111.779327 16.033169 1783895.625000 2.668752 16950.421875 4.000000
111.779327 16.033182 1783897.000000 2.776742 16950.417969 4.000000
111.779327 16.033188 1783897.750000 2.520849 16950.427734 4.000000
111.779327 16.033201 1783899.125000 2.846443 16950.417969 4.000000
111.779320 16.033220 1783901.375000 2.600204 16950.427734 4.000000
111.779320 16.033226 1783902.000000 2.910371 16950.416016 4.000000
111.779320 16.033226 1783902.000000 2.693370 16950.423828 4.000000
111.779320 16.033245 1783904.125000 2.499494 16950.433594 4.000000
111.779320 16.033253 1783904.875000 2.578361 16950.429688 4.000000
111.779320 16.033272 1783907.000000 2.718605 16950.425781 4.000000
111.779312 16.033291 1783909.125000 2.552888 16950.433594 4.000000
111.779312 16.033291 1783909.125000 2.733414 16950.427734 4.000000
111.779312 16.033329 1783913.375000 2.656237 16950.433594 4.000000
111.779312 16.033335 1783914.125000 2.078700 16950.455078 4.000000
111.779305 16.033354 1783916.250000 2.031401 16950.458984 4.000000
111.779305 16.033381 1783919.125000 2.380590 16950.449219 4.000000
111.779305 16.033386 1783919.875000 2.264537 16950.453125 4.000000
111.779305 16.033386 1783919.875000 2.283312 16950.453125 4.000000
111.779305 16.033394 1783920.500000 1.620227 16950.478516 4.000000
111.779305 16.033405 1783922.000000 1.830354 16950.472656 4.000000
111.779305 16.033405 1783922.000000 1.864244 16950.470703 4.000000
111.779305 16.033413 1783922.750000 1.989421 16950.466797 4.000000
111.779305 16.033413 1783922.750000 1.940562 16950.468750 4.000000
111.779305 16.033419 1783923.375000 1.526180 16950.484375 4.000000
111.779305 16.033419 1783923.375000 1.997236 16950.466797 4.000000
111.779305 16.033419 1783923.375000 1.971186 16950.468750 4.000000
111.779297 16.033424 1783924.125000 1.847760 16950.472656 4.000000
111.779297 16.033424 1783924.125000 1.395252 16950.490234 4.000000
111.779297 16.033432 1783924.875000 1.631978 16950.482422 4.000000
111.779297 16.033438 1783925.500000 1.589195 16950.484375 4.000000
111.779297 16.033476 1783929.875000 1.636735 16950.486328 4.000000
111.779297 16.033476 1783929.875000 1.725204 16950.484375 4.000000
111.779289 16.033495 1783932.000000 1.592894 16950.490234 4.000000
111.779289 16.033495 1783932.000000 0.996922 16950.513672 4.000000
111.779289 16.033495 1783932.000000 1.535124 16950.494141 4.000000
111.779289 16.033514 1783934.125000 1.200617 16950.507813 4.000000
111.779289 16.033522 1783934.750000 1.940633 16950.480469 4.000000
111.779289 16.033522 1783934.750000 1.240004 16950.507813 4.000000
111.779289 16.033533 1783936.250000 1.053667 16950.515625 4.000000
111.779289 16.033546 1783937.625000 1.427012 16950.503906 4.000000
111.779289 16.033546 1783937.625000 1.557261 16950.498047 4.000000
111.779289 16.033546 1783937.625000 1.746561 16950.492188 4.000000
111.779282 16.033592 1783942.625000 1.344006 16950.511719 4.000000
111.779282 16.033592 1783942.625000 1.063865 16950.523438 4.000000
111.779282 16.033598 1783943.375000 1.410956 16950.511719 4.000000
111.779282 16.033611 1783944.750000 1.625963 16950.503906 4.000000
111.779282 16.033611 1783944.750000 0.974208 16950.529297 4.000000
111.779282 16.033630 1783946.875000 2.545920 16950.472656 4.000000
111.779274 16.033655 1783949.750000 2.340456 16950.484375 4.000000
111.779274 16.033661 1783950.500000 2.436590 16950.480469 4.000000
111.779274 16.033669 1783951.125000 2.555402 16950.476563 4.000000
111.779274 16.033680 1783952.625000 2.228126 16950.492188 4.000000
111.779274 16.033688 1783953.250000 1.722007 16950.511719 4.000000
111.779274 16.033701 1783954.750000 2.167184 16950.496094 4.000000
111.779266 16.033720 1783956.875000 2.126072 16950.500000 4.000000
111.779266 16.033726 1783957.500000 1.513449 16950.523438 4.000000
111.779266 16.033739 1783959.000000 1.638400 16950.521484 4.000000
111.779266 16.033751 1783960.375000 1.220919 16950.537109 4.000000
111.779266 16.033751 1783960.375000 0.988864 16950.546875 4.000000
111.779266 16.033758 1783961.125000 1.711708 16950.519531 4.000000
111.779266 16.033777 1783963.250000 1.412308 16950.533203 4.000000
111.779266 16.033777 1783963.250000 1.435393 16950.533203 4.000000
111.779266 16.033777 1783963.250000 1.476096 16950.531250 4.000000
111.779259 16.033796 1783965.375000 1.628321 16950.529297 4.000000
111.779259 16.033796 1783965.375000 1.235033 16950.542969 4.000000
111.779259 16.033802 1783966.125000 1.076373 16950.548828 4.000000
111.779259 16.033815 1783967.500000 1.462788 16950.537109 4.000000
111.779259 16.033821 1783968.250000 1.529577 16950.535156 4.000000
111.779259 16.033854 1783971.750000 1.469656 16950.541016 4.000000
111.779259 16.033854 1783971.750000 2.730644 16950.494141 4.000000
111.779259 16.033854 1783971.750000 0.450113 16950.580078 4.000000
111.779259 16.033859 1783972.500000 2.520908 16950.501953 4.000000
111.779251 16.033867 1783973.250000 2.262311 16950.517578 4.000000
111.779251 16.033867 1783973.250000 2.471927 16950.509766 4.000000
111.779251 16.033873 1783973.875000 1.173108 16950.558594 4.000000
111.779251 16.033878 1783974.625000 2.157128 16950.521484 4.000000
111.779251 16.033886 1783975.375000 0.646111 16950.578125 4.000000
111.779251 16.033897 1783976.750000 1.488373 16950.548828 4.000000
111.779251 16.033924 1783979.625000 1.133903 16950.562500 4.000000
111.779251 16.033930 1783980.250000 1.520015 16950.548828 4.000000
111.779243 16.033930 1783980.250000 0.846587 16950.574219 4.000000
111.779243 16.033949 1783982.375000 1.322313 16950.556641 4.000000
111.779243 16.033955 1783983.125000 1.166427 16950.564453 4.000000
111.779243 16.033974 1783985.250000 1.797881 16950.541016 4.000000
111.779243 16.033981 1783985.875000 1.267154 16950.560547 4.000000
111.779243 16.033987 1783986.625000 1.145898 16950.566406 4.000000
111.779243 16.034000 1783988.000000 2.163360 16950.529297 4.000000
111.779236 16.034006 1783988.750000 1.783036 16950.542969 4.000000
111.779236 16.034012 1783989.500000 1.294244 16950.562500 4.000000
111.779236 16.034019 1783990.125000 2.122339 16950.531250 4.000000
111.779236 16.034025 1783990.875000 2.764621 16950.507813 4.000000
111.779236 16.034025 1783990.875000 1.754297 16950.544922 4.000000
111.779236 16.034031 1783991.625000 1.142124 16950.568359 4.000000
111.779236 16.034050 1783993.750000 0.947389 16950.576172 4.000000
111.779236 16.034077 1783996.500000 1.433681 16950.558594 4.000000
111.779228 16.034082 1783997.250000 1.134561 16950.570313 4.000000
111.779228 16.034088 1783998.000000 1.212164 16950.568359 4.000000
111.779228 16.034088 1783998.000000 1.288028 16950.564453 4.000000
111.779228 16.034107 1784000.125000 1.341741 16950.564453 4.000000
111.779228 16.034115 1784000.750000 1.144439 16950.570313 4.000000
111.779228 16.034121 1784001.500000 0.126540 16950.609375 4.000000
111.779228 16.034126 1784002.250000 0.752478 16950.585938 4.000000
111.779228 16.034126 1784002.250000 1.038914 16950.576172 4.000000
111.779228 16.034134 1784002.875000 0.725689 16950.587891 4.000000
111.779228 16.034134 1784002.875000 2.248695 16950.531250 4.000000
111.779221 16.034153 1784005.000000 0.074012 16950.611328 4.000000
111.779221 16.034159 1784005.750000 0.452298 16950.597656 4.000000
111.779221 16.034164 1784006.375000 -0.000566 16950.615234 4.000000
111.779221 16.034172 1784007.125000 0.808023 16950.583984 4.000000
111.779221 16.034172 1784007.125000 0.541233 16950.593750 4.000000
111.779221 16.034184 1784008.500000 2.427345 16950.525391 4.000000
111.779221 16.034191 1784009.250000 1.678677 16950.552734 4.000000
111.779221 16.034197 1784010.000000 0.529337 16950.595703 4.000000
111.779221 16.034210 1784011.375000 -0.473601 16950.632813 4.000000
111.779213 16.034229 1784013.500000 -0.164688 16950.621094 4.000000
111.779213 16.034229 1784013.500000 -0.172758 16950.621094 4.000000
111.779213 16.034235 1784014.250000 -0.070415 16950.617188 4.000000
111.779213 16.034241 1784014.875000 -0.391208 16950.628906 4.000000
111.779213 16.034241 1784014.875000 -0.000965 16950.615234 4.000000
111.779213 16.034241 1784014.875000 0.808502 16950.583984 4.000000
111.779213 16.034260 1784017.000000 1.512902 16950.558594 4.000000
111.779213 16.034260 1784017.000000 -0.285124 16950.625000 4.000000
111.779213 16.034267 1784017.750000 2.020283 16950.539063 4.000000
111.779213 16.034273 1784018.375000 -0.366463 16950.626953 4.000000
111.779205 16.034292 1784020.500000 -0.479897 16950.630859 4.000000
111.779205 16.034292 1784020.500000 -0.835199 16950.644531 4.000000
111.779205 16.034298 1784021.250000 -0.258309 16950.623047 4.000000
111.779205 16.034306 1784022.000000 -0.477139 16950.630859 4.000000
111.779205 16.034306 1784022.000000 -0.391589 16950.626953 4.000000
111.779205 16.034311 1784022.625000 -0.604339 16950.634766 4.000000
111.779205 16.034317 1784023.375000 -0.378909 16950.626953 4.000000
111.779205 16.034325 1784024.125000 -0.472646 16950.630859 4.000000
111.779205 16.034330 1784024.750000 -0.464473 16950.628906 4.000000
111.779205 16.034330 1784024.750000 -0.457731 16950.628906 4.000000
111.779205 16.034336 1784025.500000 -0.340768 16950.625000 4.000000
111.779205 16.034336 1784025.500000 -0.374013 16950.625000 4.000000
111.779205 16.034344 1784026.250000 -0.586249 16950.632813 4.000000
111.779205 16.034355 1784027.625000 -0.124409 16950.615234 4.000000
111.779205 16.034355 1784027.625000 -0.153870 16950.617188 4.000000
111.779205 16.034355 1784027.625000 -0.210189 16950.619141 4.000000
111.779205 16.034355 1784027.625000 2.498427 16950.517578 4.000000
111.779205 16.034363 1784028.375000 -0.215974 16950.619141 4.000000
111.779198 16.034369 1784029.000000 -0.567504 16950.630859 4.000000
111.779198 16.034369 1784029.000000 -0.389542 16950.625000 4.000000
111.779198 16.034374 1784029.750000 -0.597798 16950.632813 4.000000
111.779198 16.034393 1784031.875000 -0.572562 16950.630859 4.000000
111.779198 16.034393 1784031.875000 -0.423603 16950.625000 4.000000
111.779198 16.034407 1784033.250000 -0.369664 16950.621094 4.000000
111.779198 16.034407 1784033.250000 -0.501401 16950.626953 4.000000
111.779198 16.034418 1784034.625000 -0.766258 16950.634766 4.000000
111.779198 16.034426 1784035.375000 -0.431438 16950.623047 4.000000
111.779198 16.034426 1784035.375000 -0.537011 16950.626953 4.000000
111.779198 16.034426 1784035.375000 -0.730692 16950.634766 4.000000
111.779190 16.034451 1784038.250000 -0.524412 16950.625000 4.000000
111.779190 16.034464 1784039.625000 -0.255920 16950.613281 4.000000
111.779190 16.034464 1784039.625000 -0.389201 16950.619141 4.000000
111.779190 16.034475 1784041.000000 -0.108301 16950.607422 4.000000
111.779190 16.034483 1784041.750000 -0.175471 16950.609375 4.000000
111.779190 16.034483 1784041.750000 -0.216126 16950.609375 4.000000
111.779190 16.034489 1784042.375000 -0.047543 16950.603516 4.000000
111.779190 16.034494 1784043.125000 0.229836 16950.591797 4.000000
111.779190 16.034502 1784043.875000 -0.089572 16950.603516 4.000000
111.779190 16.034502 1784043.875000 -0.196088 16950.607422 4.000000
111.779182 16.034513 1784045.250000 -0.142689 16950.603516 4.000000
111.779190 16.034513 1784045.250000 0.342825 16950.585938 4.000000
111.779182 16.034521 1784046.000000 0.060562 16950.595703 4.000000
111.779182 16.034521 1784046.000000 -0.118419 16950.603516 4.000000
111.779182 16.034521 1784046.000000 0.162079 16950.591797 4.000000
111.779182 16.034521 1784046.000000 0.089919 16950.595703 4.000000
111.779182 16.034533 1784047.375000 0.256338 16950.587891 4.000000
111.779182 16.034533 1784047.375000 0.598780 16950.574219 4.000000
111.779182 16.034533 1784047.375000 -0.035352 16950.597656 4.000000
111.779182 16.034533 1784047.375000 -0.070295 16950.599609 4.000000
111.779182 16.034533 1784047.375000 0.470102 16950.580078 4.000000
111.779182 16.034546 1784048.750000 -0.171782 16950.601563 4.000000
111.779182 16.034552 1784049.500000 -0.103786 16950.599609 4.000000
111.779182 16.034559 1784050.250000 -0.077790 16950.597656 4.000000
111.779182 16.034559 1784050.250000 0.081439 16950.591797 4.000000
111.779175 16.034603 1784055.125000 -0.635559 16950.611328 4.000000
111.779175 16.034609 1784055.875000 -0.451730 16950.605469 4.000000
111.779175 16.034609 1784055.875000 -0.330740 16950.599609 4.000000
111.779175 16.034616 1784056.500000 -0.105517 16950.589844 4.000000
111.779175 16.034622 1784057.250000 -0.046930 16950.587891 4.000000
111.779175 16.034628 1784058.000000 -0.092203 16950.587891 4.000000
111.779175 16.034628 1784058.000000 -0.386579 16950.599609 4.000000
111.779175 16.034647 1784060.125000 -0.177993 16950.589844 4.000000
111.779175 16.034655 1784060.750000 -0.345858 16950.593750 4.000000
111.779175 16.034660 1784061.500000 -0.319307 16950.591797 4.000000
111.779167 16.034674 1784062.875000 -0.226058 16950.585938 4.000000
111.779167 16.034674 1784062.875000 0.650697 16950.554688 4.000000
111.779167 16.034679 1784063.625000 -0.202987 16950.583984 4.000000
111.779167 16.034685 1784064.375000 -0.434339 16950.591797 4.000000
111.779167 16.034698 1784065.750000 -0.140054 16950.580078 4.000000
111.779167 16.034698 1784065.750000 -0.166868 16950.580078 4.000000
111.779167 16.034698 1784065.750000 -0.087907 16950.578125 4.000000
111.779167 16.034698 1784065.750000 0.777648 16950.544922 4.000000
111.779167 16.034704 1784066.375000 0.064095 16950.570313 4.000000
111.779167 16.034712 1784067.125000 0.004004 16950.572266 4.000000
111.779167 16.034712 1784067.125000 -0.333120 16950.583984 4.000000
111.779167 16.034712 1784067.125000 -0.356950 16950.585938 4.000000
111.779167 16.034718 1784067.875000 0.325998 16950.558594 4.000000
111.779167 16.034723 1784068.500000 0.326356 16950.558594 4.000000
111.779167 16.034723 1784068.500000 -0.273853 16950.580078 4.000000
111.779167 16.034731 1784069.250000 0.070309 16950.566406 4.000000
111.779167 16.034731 1784069.250000 0.401616 16950.554688 4.000000
111.779160 16.034742 1784070.625000 0.494154 16950.548828 4.000000
111.779160 16.034742 1784070.625000 0.428366 16950.550781 4.000000
111.779160 16.034756 1784072.125000 1.256766 16950.517578 4.000000
111.779160 16.034769 1784073.500000 0.613073 16950.539063 4.000000
111.779160 16.034788 1784075.625000 1.293402 16950.509766 4.000000
111.779160 16.034788 1784075.625000 0.980831 16950.521484 4.000000
111.779160 16.034807 1784077.750000 2.289980 16950.468750 4.000000
111.779160 16.034813 1784078.500000 0.030930 16950.552734 4.000000
111.779152 16.034838 1784081.250000 1.765238 16950.482422 4.000000
111.779152 16.034845 1784082.000000 2.470683 16950.455078 4.000000
111.779152 16.034851 1784082.625000 0.871342 16950.511719 4.000000
111.779152 16.034851 1784082.625000 2.584270 16950.449219 4.000000
111.779152 16.034870 1784084.750000 2.981523 16950.429688 4.000000
111.779152 16.034870 1784084.750000 0.936803 16950.505859 4.000000
111.779152 16.034876 1784085.500000 2.582249 16950.443359 4.000000
111.779152 16.034876 1784085.500000 2.425882 16950.449219 4.000000
111.779152 16.034876 1784085.500000 2.241324 16950.455078 4.000000
111.779152 16.034883 1784086.250000 1.220119 16950.492188 4.000000
111.779152 16.034883 1784086.250000 0.682696 16950.511719 4.000000
111.779152 16.034889 1784086.875000 1.692126 16950.472656 4.000000
111.779152 16.034889 1784086.875000 2.001549 16950.460938 4.000000
111.779152 16.034889 1784086.875000 2.593537 16950.439453 4.000000
111.779152 16.034895 1784087.625000 2.584697 16950.439453 4.000000
111.779144 16.034903 1784088.375000 1.492447 16950.478516 4.000000
111.779144 16.034908 1784089.000000 0.503587 16950.513672 4.000000
111.779144 16.034922 1784090.500000 2.168030 16950.447266 4.000000
111.779144 16.034922 1784090.500000 1.236785 16950.482422 4.000000
111.779144 16.034927 1784091.125000 1.514023 16950.470703 4.000000
111.779144 16.034933 1784091.875000 1.198799 16950.480469 4.000000
111.779144 16.034933 1784091.875000 2.761564 16950.423828 4.000000
111.779144 16.034952 1784094.000000 2.256803 16950.437500 4.000000
111.779144 16.034966 1784095.375000 2.854411 16950.412109 4.000000
111.779144 16.034966 1784095.375000 2.822013 16950.412109 4.000000
111.779137 16.034971 1784096.125000 2.328121 16950.429688 4.000000
111.779137 16.034979 1784096.875000 2.860892 16950.408203 4.000000
111.779137 16.034998 1784098.875000 2.282551 16950.423828 4.000000
111.779137 16.035009 1784100.375000 2.762855 16950.404297 4.000000
111.779137 16.035009 1784100.375000 2.220941 16950.423828 4.000000
111.779137 16.035017 1784101.000000 2.424640 16950.414063 4.000000
111.779137 16.035017 1784101.000000 2.416723 16950.414063 4.000000
111.779137 16.035017 1784101.000000 2.165891 16950.423828 4.000000
111.779137 16.035023 1784101.750000 1.893408 16950.431641 4.000000
111.779137 16.035023 1784101.750000 2.896421 16950.394531 4.000000
111.779137 16.035028 1784102.500000 1.761169 16950.435547 4.000000
111.779137 16.035028 1784102.500000 2.764282 16950.398438 4.000000
111.779137 16.035042 1784103.875000 2.595781 16950.400391 4.000000
111.779129 16.035048 1784104.625000 1.558777 16950.437500 4.000000
111.779129 16.035055 1784105.250000 2.200689 16950.412109 4.000000
111.779129 16.035067 1784106.750000 2.281419 16950.406250 4.000000
111.779129 16.035074 1784107.375000 2.744281 16950.386719 4.000000
111.779129 16.035080 1784108.125000 2.351874 16950.398438 4.000000
111.779129 16.035086 1784108.875000 1.728188 16950.419922 4.000000
111.779129 16.035086 1784108.875000 2.317425 16950.398438 4.000000
111.779129 16.035093 1784109.500000 1.733970 16950.417969 4.000000
111.779129 16.035105 1784111.000000 2.614865 16950.382813 4.000000
111.779129 16.035105 1784111.000000 1.936442 16950.406250 4.000000
111.779129 16.035105 1784111.000000 1.490094 16950.423828 4.000000
111.779129 16.035118 1784112.375000 2.372307 16950.386719 4.000000
111.779129 16.035118 1784112.375000 1.721328 16950.412109 4.000000
111.779121 16.035143 1784115.250000 2.191682 16950.388672 4.000000
111.779121 16.035175 1784118.750000 2.592476 16950.363281 4.000000
111.779121 16.035194 1784120.875000 2.573622 16950.357422 4.000000
111.779114 16.035213 1784123.000000 2.533917 16950.351563 4.000000
111.779114 16.035213 1784123.000000 2.633103 16950.347656 4.000000
111.779114 16.035213 1784123.000000 2.801592 16950.341797 4.000000
111.779114 16.035219 1784123.750000 1.797399 16950.376953 4.000000
111.779114 16.035219 1784123.750000 2.679784 16950.343750 4.000000
111.779114 16.035246 1784126.500000 2.626681 16950.337891 4.000000
111.779106 16.035271 1784129.375000 1.296903 16950.376953 4.000000
111.779114 16.035271 1784129.375000 2.761822 16950.324219 4.000000
111.779106 16.035284 1784130.750000 2.679488 16950.322266 4.000000
111.779106 16.035322 1784135.000000 2.810820 16950.302734 4.000000
111.779106 16.035341 1784137.125000 2.487253 16950.308594 4.000000
111.779099 16.035393 1784142.875000 2.398497 16950.292969 4.000000
111.779099 16.035393 1784142.875000 2.573315 16950.285156 4.000000
111.779099 16.035398 1784143.625000 2.442985 16950.289063 4.000000
111.779099 16.035398 1784143.625000 2.810732 16950.275391 4.000000
111.779099 16.035398 1784143.625000 2.810696 16950.275391 4.000000
111.779099 16.035404 1784144.250000 2.756326 16950.275391 4.000000
111.779099 16.035418 1784145.750000 2.887114 16950.265625 4.000000
111.779091 16.035423 1784146.375000 1.250787 16950.324219 4.000000
111.779091 16.035444 1784148.500000 2.833797 16950.257813 4.000000
111.779091 16.035469 1784151.375000 2.897238 16950.244141 4.000000
111.779091 16.035482 1784152.750000 2.766703 16950.244141 4.000000
111.779091 16.035488 1784153.500000 2.834384 16950.240234 4.000000
111.779091 16.035488 1784153.500000 1.048095 16950.306641 4.000000
111.779083 16.035507 1784155.625000 2.566833 16950.242188 4.000000
111.779083 16.035513 1784156.375000 2.324576 16950.248047 4.000000
111.779083 16.035513 1784156.375000 2.142413 16950.255859 4.000000
111.779083 16.035532 1784158.500000 1.442309 16950.273438 4.000000
111.779083 16.035532 1784158.500000 2.732680 16950.226563 4.000000
111.779083 16.035559 1784161.375000 2.567406 16950.222656 4.000000
111.779083 16.035572 1784162.750000 2.544927 16950.218750 4.000000
111.779068 16.035654 1784172.000000 -0.172947 16950.287109 4.000000
111.779068 16.035660 1784172.750000 -0.003966 16950.277344 4.000000
111.779068 16.035660 1784172.750000 1.068765 16950.238281 4.000000
111.779068 16.035667 1784173.375000 -0.217858 16950.283203 4.000000
111.779068 16.035673 1784174.125000 0.215899 16950.263672 4.000000
111.779068 16.035681 1784174.875000 0.362856 16950.255859 4.000000
111.779068 16.035686 1784175.625000 0.439552 16950.250000 4.000000
111.779068 16.035700 1784177.000000 -0.639892 16950.285156 4.000000
111.779068 16.035706 1784177.750000 -0.342904 16950.271484 4.000000
111.779060 16.035725 1784179.875000 -0.448578 16950.269531 4.000000
111.779060 16.035730 1784180.500000 0.189132 16950.242188 4.000000
111.779060 16.035738 1784181.250000 -0.579727 16950.267578 4.000000
111.779060 16.035770 1784184.875000 0.828549 16950.203125 4.000000
111.779060 16.035776 1784185.500000 -0.663478 16950.255859 4.000000
111.779060 16.035789 1784187.000000 -0.017283 16950.226563 4.000000
111.779060 16.035789 1784187.000000 1.616062 16950.166016 4.000000
111.779060 16.035789 1784187.000000 0.505885 16950.207031 4.000000
111.779053 16.035801 1784188.375000 -0.220178 16950.230469 4.000000
111.779053 16.035814 1784189.750000 -0.545412 16950.236328 4.000000
111.779053 16.035820 1784190.500000 -0.391934 16950.228516 4.000000
111.779053 16.035847 1784193.375000 -0.554781 16950.224609 4.000000
111.779053 16.035852 1784194.125000 -0.443981 16950.218750 4.000000
111.779053 16.035852 1784194.125000 -0.420310 16950.216797 4.000000
111.779053 16.035866 1784195.500000 -0.563889 16950.216797 4.000000
111.779053 16.035866 1784195.500000 -0.573676 16950.218750 4.000000
111.779053 16.035872 1784196.250000 -0.495890 16950.212891 4.000000
111.779045 16.035879 1784196.875000 -0.343079 16950.205078 4.000000
111.779045 16.035879 1784196.875000 -0.601335 16950.214844 4.000000
111.779045 16.035885 1784197.625000 -0.461445 16950.207031 4.000000
111.779045 16.035885 1784197.625000 -0.706719 16950.214844 4.000000
111.779045 16.035891 1784198.375000 -0.741466 16950.214844 4.000000
111.779045 16.035891 1784198.375000 -0.619556 16950.208984 4.000000
111.779045 16.035898 1784199.000000 -0.558380 16950.205078 4.000000
111.779045 16.035904 1784199.750000 -0.747755 16950.208984 4.000000
111.779045 16.035910 1784200.500000 -0.785639 16950.208984 4.000000
111.779045 16.035917 1784201.250000 -0.625976 16950.199219 4.000000
111.779045 16.035917 1784201.250000 -0.352190 16950.189453 4.000000
111.779045 16.035923 1784201.875000 -0.470599 16950.191406 4.000000
111.779045 16.035929 1784202.625000 -0.650450 16950.195313 4.000000
111.779045 16.035929 1784202.625000 -0.498733 16950.189453 4.000000
111.779045 16.035950 1784204.750000 -0.289866 16950.175781 4.000000
111.779037 16.035961 1784206.125000 -0.765410 16950.187500 4.000000
111.779037 16.035969 1784206.875000 -0.514281 16950.175781 4.000000
111.779037 16.035975 1784207.625000 -0.457999 16950.171875 4.000000
111.779037 16.035999 1784210.500000 -0.919874 16950.179688 4.000000
111.779037 16.035999 1784210.500000 -0.744144 16950.171875 4.000000
111.779037 16.036007 1784211.125000 -0.393761 16950.158203 4.000000
111.779037 16.036020 1784212.625000 -0.618288 16950.160156 4.000000
111.779037 16.036020 1784212.625000 -0.368852 16950.152344 4.000000
111.779030 16.036032 1784214.000000 -0.653171 16950.158203 4.000000
111.779030 16.036032 1784214.000000 -0.635378 16950.156250 4.000000
111.779030 16.036032 1784214.000000 -0.532033 16950.152344 4.000000
111.779030 16.036045 1784215.500000 -0.819107 16950.158203 4.000000
111.779030 16.036045 1784215.500000 -0.427805 16950.144531 4.000000
111.779030 16.036051 1784216.125000 -0.680212 16950.152344 4.000000
111.779030 16.036058 1784216.875000 -0.455265 16950.140625 4.000000
111.779030 16.036064 1784217.625000 -0.695702 16950.148438 4.000000
111.779030 16.036064 1784217.625000 -0.653833 16950.146484 4.000000
111.779030 16.036064 1784217.625000 -0.579178 16950.142578 4.000000
111.779030 16.036070 1784218.250000 -0.638133 16950.142578 4.000000
111.779030 16.036077 1784219.000000 -0.356872 16950.130859 4.000000
111.779030 16.036083 1784219.750000 -0.587899 16950.136719 4.000000
111.779030 16.036083 1784219.750000 -0.638561 16950.138672 4.000000
111.779030 16.036097 1784221.125000 -0.500438 16950.128906 4.000000
111.779030 16.036097 1784221.125000 -0.664730 16950.134766 4.000000
111.779022 16.036110 1784222.625000 -0.323787 16950.117188 4.000000
111.779022 16.036110 1784222.625000 -0.109389 16950.109375 4.000000
111.779022 16.036110 1784222.625000 -0.605844 16950.128906 4.000000
111.779022 16.036140 1784226.125000 -0.474297 16950.111328 4.000000
111.779022 16.036148 1784226.875000 -0.661560 16950.117188 4.000000
111.779022 16.036160 1784228.250000 -0.558240 16950.109375 4.000000
111.779022 16.036160 1784228.250000 -0.294582 16950.099609 4.000000
111.779022 16.036160 1784228.250000 -0.676456 16950.113281 4.000000
111.779022 16.036160 1784228.250000 -0.737104 16950.115234 4.000000
111.779022 16.036173 1784229.750000 -0.579035 16950.105469 4.000000
111.779015 16.036200 1784232.500000 -0.415139 16950.089844 4.000000
111.779015 16.036224 1784235.375000 -0.603178 16950.087891 4.000000
111.779015 16.036238 1784236.875000 -0.536593 16950.082031 4.000000
111.779015 16.036238 1784236.875000 -0.515958 16950.082031 4.000000
111.779015 16.036243 1784237.500000 -0.484423 16950.078125 4.000000
111.779007 16.036257 1784239.000000 -0.967682 16950.091797 4.000000
111.779007 16.036257 1784239.000000 -0.105618 16950.060547 4.000000
111.779007 16.036270 1784240.375000 -0.595660 16950.074219 4.000000
111.779007 16.036282 1784241.875000 -0.469516 16950.064453 4.000000
111.779007 16.036295 1784243.250000 -0.727724 16950.070313 4.000000
111.779007 16.036295 1784243.250000 -0.541403 16950.064453 4.000000
111.779007 16.036301 1784244.000000 -0.666102 16950.066406 4.000000
111.779007 16.036308 1784244.625000 -1.067703 16950.080078 4.000000
111.779007 16.036314 1784245.375000 -0.723023 16950.064453 4.000000
111.779007 16.036322 1784246.125000 -0.694977 16950.062500 4.000000
111.779007 16.036322 1784246.125000 -0.324108 16950.048828 4.000000
111.779007 16.036327 1784246.750000 -0.720408 16950.060547 4.000000
111.778999 16.036341 1784248.250000 -0.439532 16950.046875 4.000000
111.778999 16.036346 1784249.000000 -0.711196 16950.054688 4.000000
111.778999 16.036352 1784249.625000 -0.467861 16950.044922 4.000000
111.778999 16.036360 1784250.375000 -1.122185 16950.066406 4.000000
111.778999 16.036360 1784250.375000 -0.590987 16950.046875 4.000000
111.778999 16.036366 1784251.125000 -0.550316 16950.042969 4.000000
111.778999 16.036371 1784251.750000 -0.686720 16950.046875 4.000000
111.778999 16.036379 1784252.500000 -0.573930 16950.041016 4.000000
111.778999 16.036379 1784252.500000 -0.316737 16950.031250 4.000000
111.778999 16.036385 1784253.250000 -0.866267 16950.048828 4.000000
111.778999 16.036390 1784253.875000 -0.991763 16950.052734 4.000000
111.778999 16.036392 1784254.000000 -0.688379 16950.041016 4.000000
111.778999 16.036392 1784253.875000 -0.847146 16950.046875 4.000000
111.778999 16.036398 1784254.625000 -0.688623 16950.039063 4.000000
111.778999 16.036404 1784255.375000 -0.718843 16950.039063 4.000000
111.778992 16.036411 1784256.125000 -0.526933 16950.029297 4.000000
111.778992 16.036430 1784258.250000 -0.497558 16950.023438 4.000000
111.778992 16.036436 1784259.000000 -0.665447 16950.029297 4.000000
111.778992 16.036455 1784261.125000 -0.711946 16950.025391 4.000000
111.778992 16.036469 1784262.500000 -0.847552 16950.027344 4.000000
111.778992 16.036469 1784262.500000 -0.766819 16950.023438 4.000000
111.778992 16.036474 1784263.250000 -0.590704 16950.015625 4.000000
111.778984 16.036488 1784264.625000 -0.779571 16950.019531 4.000000
111.778984 16.036493 1784265.375000 -0.536507 16950.007813 4.000000
111.778984 16.036501 1784266.000000 -0.832118 16950.017578 4.000000
111.778984 16.036507 1784266.750000 -0.478309 16950.003906 4.000000
111.778984 16.036507 1784266.750000 -0.611381 16950.007813 4.000000
111.778984 16.036512 1784267.500000 -0.648745 16950.007813 4.000000
111.778984 16.036520 1784268.250000 -0.788745 16950.011719 4.000000
111.778984 16.036526 1784268.875000 -1.187758 16950.025391 4.000000
111.778984 16.036531 1784269.625000 -0.794559 16950.009766 4.000000
111.778984 16.036539 1784270.375000 -0.888435 16950.011719 4.000000
111.778984 16.036539 1784270.375000 -0.892774 16950.011719 4.000000
111.778984 16.036545 1784271.000000 -0.593815 16949.998047 4.000000
111.778984 16.036545 1784271.000000 -0.622294 16950.000000 4.000000
111.778984 16.036552 1784271.750000 -0.689726 16950.000000 4.000000
111.778976 16.036558 1784272.500000 -1.059127 16950.013672 4.000000
111.778976 16.036564 1784273.125000 -0.739504 16950.000000 4.000000
111.778976 16.036572 1784273.875000 -0.760168 16950.000000 4.000000
111.778976 16.036572 1784273.875000 -0.724417 16949.998047 4.000000
111.778976 16.036577 1784274.625000 -0.552649 16949.990234 4.000000
111.778976 16.036577 1784274.625000 -0.431079 16949.986328 4.000000
111.778976 16.036583 1784275.375000 -0.623049 16949.992188 4.000000
111.778976 16.036583 1784275.375000 -0.647732 16949.992188 4.000000
111.778976 16.036583 1784275.375000 -0.944933 16950.003906 4.000000
111.778976 16.036596 1784276.750000 -0.681056 16949.990234 4.000000
111.778976 16.036602 1784277.500000 -0.859092 16949.996094 4.000000
111.778976 16.036615 1784278.875000 -0.972401 16949.998047 4.000000
111.778976 16.036615 1784278.875000 -0.628664 16949.984375 4.000000
111.778976 16.036629 1784280.250000 -0.669849 16949.984375 4.000000
111.778976 16.036629 1784280.375000 -0.404607 16949.974609 4.000000
111.778976 16.036629 1784280.250000 -0.650046 16949.982422 4.000000
111.778969 16.036654 1784283.125000 -0.583262 16949.976563 4.000000
111.778969 16.036667 1784284.625000 -0.651563 16949.976563 4.000000
111.778969 16.036680 1784286.000000 -0.780707 16949.978516 4.000000
111.778969 16.036699 1784288.125000 -0.364753 16949.958984 4.000000
111.778969 16.036699 1784288.125000 -0.605006 16949.968750 4.000000
111.778961 16.036713 1784289.625000 -1.037241 16949.982422 4.000000
111.778961 16.036713 1784289.625000 -0.793825 16949.972656 4.000000
111.778961 16.036718 1784290.250000 -0.542101 16949.962891 4.000000
111.778961 16.036718 1784290.250000 -0.501834 16949.960938 4.000000
111.778961 16.036718 1784290.250000 -0.684666 16949.968750 4.000000
111.778961 16.036724 1784291.000000 -0.669541 16949.966797 4.000000
111.778961 16.036732 1784291.750000 -0.953335 16949.976563 4.000000
111.778961 16.036743 1784293.125000 -0.750717 16949.966797 4.000000
111.778961 16.036743 1784293.125000 -0.546195 16949.958984 4.000000
111.778961 16.036743 1784293.125000 -0.679748 16949.964844 4.000000
111.778961 16.036751 1784293.875000 -0.830997 16949.968750 4.000000
111.778961 16.036751 1784293.875000 -0.600132 16949.960938 4.000000
111.778961 16.036751 1784293.875000 -0.737509 16949.964844 4.000000
111.778961 16.036757 1784294.625000 -1.118307 16949.978516 4.000000
111.778961 16.036770 1784296.000000 -0.661128 16949.958984 4.000000
111.778961 16.036770 1784296.000000 -0.742850 16949.962891 4.000000
111.778961 16.036770 1784296.000000 -0.722221 16949.962891 4.000000
111.778954 16.036783 1784297.375000 -0.791893 16949.962891 4.000000
111.778954 16.036783 1784297.375000 -0.648053 16949.957031 4.000000
111.778954 16.036789 1784298.125000 -0.618561 16949.955078 4.000000
111.778954 16.036789 1784298.125000 -0.856311 16949.964844 4.000000
111.778954 16.036802 1784299.500000 -0.649999 16949.955078 4.000000
111.778954 16.036808 1784300.250000 -0.717664 16949.957031 4.000000
111.778954 16.036808 1784300.250000 -0.707339 16949.957031 4.000000
111.778954 16.036808 1784300.250000 -0.771079 16949.958984 4.000000
111.778954 16.036814 1784301.000000 -0.649369 16949.953125 4.000000
111.778954 16.036821 1784301.750000 -0.944156 16949.962891 4.000000
111.778954 16.036821 1784301.750000 -0.557758 16949.949219 4.000000
111.778954 16.036821 1784301.750000 -0.703677 16949.955078 4.000000
111.778954 16.036827 1784302.375000 -0.962114 16949.962891 4.000000
111.778954 16.036840 1784303.875000 -0.976780 16949.962891 4.000000
111.778954 16.036846 1784304.500000 -0.670412 16949.951172 4.000000
111.778954 16.036852 1784305.250000 -0.632209 16949.949219 4.000000
111.778954 16.036852 1784305.250000 -0.630669 16949.949219 4.000000
111.778946 16.036860 1784306.000000 -0.800342 16949.955078 4.000000
111.778946 16.036873 1784307.375000 -0.879703 16949.955078 4.000000
111.778946 16.036873 1784307.375000 -0.783739 16949.953125 4.000000
111.778946 16.036879 1784308.125000 -0.860172 16949.955078 4.000000
111.778946 16.036879 1784308.125000 -0.593748 16949.945313 4.000000
111.778946 16.036879 1784308.125000 -0.884419 16949.955078 4.000000
111.778946 16.036884 1784308.875000 -0.797225 16949.951172 4.000000
111.778946 16.036884 1784308.875000 -0.630717 16949.945313 4.000000
111.778946 16.036892 1784309.500000 -0.884598 16949.955078 4.000000
111.778946 16.036892 1784309.500000 -0.607238 16949.943359 4.000000
111.778946 16.036898 1784310.250000 -0.852210 16949.953125 4.000000
111.778946 16.036898 1784310.250000 -0.646972 16949.945313 4.000000
111.778946 16.036898 1784310.250000 -0.671789 16949.945313 4.000000
111.778946 16.036903 1784311.000000 -1.117004 16949.960938 4.000000
111.778946 16.036911 1784311.625000 -0.388333 16949.933594 4.000000
111.778946 16.036917 1784312.375000 -0.827516 16949.949219 4.000000
111.778946 16.036922 1784313.125000 -0.969755 16949.955078 4.000000
111.778938 16.036936 1784314.500000 -0.721565 16949.945313 4.000000
111.778938 16.036936 1784314.500000 -0.589952 16949.939453 4.000000
111.778938 16.036949 1784316.000000 -0.730826 16949.943359 4.000000
111.778938 16.036963 1784317.375000 -0.965996 16949.953125 4.000000
111.778938 16.036968 1784318.125000 -1.037035 16949.955078 4.000000
111.778938 16.036968 1784318.125000 -0.799129 16949.945313 4.000000
111.778938 16.036968 1784318.125000 -0.716538 16949.943359 4.000000
111.778938 16.036968 1784318.125000 -0.572053 16949.937500 4.000000
111.778938 16.036974 1784318.750000 -0.780011 16949.945313 4.000000
111.778938 16.036987 1784320.250000 -0.763326 16949.943359 4.000000
111.778931 16.037020 1784323.750000 -0.607948 16949.935547 4.000000
111.778931 16.037025 1784324.500000 -0.852867 16949.945313 4.000000
111.778931 16.037045 1784326.625000 -0.603185 16949.935547 4.000000
111.778931 16.037045 1784326.625000 -0.771014 16949.941406 4.000000
111.778931 16.037045 1784326.625000 -0.598446 16949.935547 4.000000
111.778931 16.037052 1784327.375000 -0.501767 16949.931641 4.000000
111.778931 16.037058 1784328.000000 -0.716133 16949.939453 4.000000
111.778931 16.037058 1784328.000000 -0.693979 16949.937500 4.000000
111.778931 16.037058 1784328.000000 -0.801010 16949.943359 4.000000
111.778931 16.037064 1784328.750000 -0.749856 16949.939453 4.000000
111.778923 16.037077 1784330.250000 -0.782431 16949.941406 4.000000
111.778923 16.037077 1784330.250000 -0.824933 16949.943359 4.000000
111.778923 16.037083 1784330.875000 -0.516356 16949.931641 4.000000
111.778923 16.037090 1784331.625000 -0.588322 16949.933594 4.000000
111.778923 16.037090 1784331.625000 -0.585221 16949.933594 4.000000
111.778923 16.037096 1784332.375000 -0.539259 16949.931641 4.000000
111.778923 16.037104 1784333.000000 -1.094154 16949.953125 4.000000
111.778923 16.037123 1784335.250000 -0.688938 16949.937500 4.000000
111.778923 16.037128 1784335.875000 -0.691349 16949.937500 4.000000
111.778923 16.037134 1784336.625000 -0.331390 16949.925781 4.000000
111.778923 16.037142 1784337.375000 -0.588150 16949.933594 4.000000
111.778923 16.037142 1784337.375000 -0.998861 16949.949219 4.000000
111.778915 16.037153 1784338.750000 -0.700555 16949.939453 4.000000
111.778915 16.037153 1784338.750000 -0.913636 16949.947266 4.000000
111.778915 16.037161 1784339.500000 -0.690809 16949.939453 4.000000
111.778915 16.037161 1784339.500000 -0.914426 16949.947266 4.000000
111.778915 16.037167 1784340.125000 -0.753044 16949.941406 4.000000
111.778915 16.037174 1784340.875000 -0.426721 16949.929688 4.000000
111.778915 16.037180 1784341.625000 -0.829111 16949.945313 4.000000
111.778915 16.037180 1784341.625000 -1.052244 16949.953125 4.000000
111.778915 16.037180 1784341.625000 -1.025024 16949.951172 4.000000
111.778915 16.037186 1784342.375000 -0.647956 16949.937500 4.000000
111.778915 16.037186 1784342.375000 -0.498973 16949.931641 4.000000
111.778915 16.037205 1784344.500000 -0.653949 16949.939453 4.000000
111.778915 16.037218 1784345.875000 -0.849634 16949.947266 4.000000
111.778915 16.037218 1784345.875000 -0.771748 16949.943359 4.000000
111.778908 16.037224 1784346.625000 -0.621976 16949.939453 4.000000
111.778908 16.037237 1784348.000000 -0.694129 16949.941406 4.000000
111.778908 16.037245 1784348.750000 -0.736859 16949.943359 4.000000
111.778908 16.037245 1784348.750000 -0.848396 16949.949219 4.000000
111.778908 16.037251 1784349.500000 -0.712925 16949.943359 4.000000
111.778908 16.037256 1784350.125000 -0.991119 16949.955078 4.000000
111.778908 16.037256 1784350.125000 -0.690705 16949.943359 4.000000
111.778908 16.037256 1784350.125000 -1.327516 16949.966797 4.000000
111.778908 16.037256 1784350.125000 -0.341148 16949.929688 4.000000
111.778908 16.037270 1784351.625000 -0.739223 16949.945313 4.000000
111.778908 16.037275 1784352.250000 -0.771172 16949.947266 4.000000
111.778908 16.037289 1784353.750000 -0.680619 16949.945313 4.000000
111.778908 16.037289 1784353.750000 -0.569800 16949.941406 4.000000
111.778908 16.037294 1784354.500000 -0.929034 16949.955078 4.000000
111.778900 16.037302 1784355.125000 -1.490692 16949.976563 4.000000
111.778900 16.037302 1784355.125000 -1.090564 16949.960938 4.000000
111.778900 16.037302 1784355.125000 -0.360922 16949.933594 4.000000
111.778900 16.037308 1784355.875000 -1.172479 16949.964844 4.000000
111.778900 16.037313 1784356.625000 -0.850941 16949.953125 4.000000
111.778900 16.037327 1784358.000000 -0.804404 16949.953125 4.000000
111.778900 16.037327 1784358.000000 -0.537171 16949.943359 4.000000
111.778900 16.037346 1784360.125000 -0.573687 16949.947266 4.000000
111.778900 16.037354 1784360.875000 -0.696552 16949.951172 4.000000
111.778893 16.037378 1784363.750000 -0.922551 16949.962891 4.000000
111.778893 16.037378 1784363.750000 -0.615550 16949.951172 4.000000
111.778893 16.037384 1784364.375000 -0.730118 16949.957031 4.000000
111.778893 16.037392 1784365.125000 -0.754487 16949.958984 4.000000
111.778893 16.037397 1784365.875000 -0.644845 16949.955078 4.000000
111.778893 16.037411 1784367.250000 -0.565762 16949.953125 4.000000
111.778893 16.037411 1784367.250000 -0.694337 16949.958984 4.000000
111.778893 16.037416 1784368.000000 -0.912120 16949.966797 4.000000
111.778893 16.037424 1784368.750000 -0.582012 16949.957031 4.000000
111.778893 16.037430 1784369.375000 -0.774531 16949.964844 4.000000
111.778893 16.037436 1784370.125000 -0.953477 16949.970703 4.000000
111.778893 16.037443 1784370.875000 -0.488078 16949.955078 4.000000
111.778885 16.037462 1784373.000000 -0.677157 16949.964844 4.000000
111.778885 16.037462 1784373.000000 -0.906155 16949.972656 4.000000
111.778885 16.037462 1784373.000000 -0.759034 16949.968750 4.000000
111.778885 16.037462 1784373.000000 -0.843153 16949.970703 4.000000
111.778885 16.037481 1784375.125000 -1.125204 16949.984375 4.000000
111.778885 16.037487 1784375.875000 -1.378979 16949.994141 4.000000
111.778885 16.037495 1784376.500000 -1.056588 16949.984375 4.000000
111.778885 16.037500 1784377.250000 -0.880608 16949.978516 4.000000
111.778885 16.037500 1784377.250000 -0.722932 16949.972656 4.000000
111.778885 16.037506 1784378.000000 -0.771636 16949.974609 4.000000
111.778877 16.037519 1784379.375000 -0.733004 16949.976563 4.000000
111.778877 16.037539 1784381.500000 -0.831822 16949.982422 4.000000
111.778877 16.037546 1784382.250000 -0.878784 16949.986328 4.000000
111.778877 16.037571 1784385.125000 -0.582050 16949.980469 4.000000
111.778877 16.037571 1784385.125000 -1.082638 16949.998047 4.000000
111.778877 16.037577 1784385.875000 -0.818318 16949.990234 4.000000
111.778870 16.037590 1784387.250000 -0.741751 16949.990234 4.000000
111.778870 16.037590 1784387.250000 -0.600790 16949.984375 4.000000
111.778870 16.037596 1784388.000000 -0.611239 16949.986328 4.000000
111.778870 16.037603 1784388.625000 -0.781764 16949.994141 4.000000
111.778870 16.037603 1784388.625000 -0.946806 16950.000000 4.000000
111.778870 16.037609 1784389.375000 -1.114558 16950.007813 4.000000
111.778870 16.037617 1784390.125000 -0.739300 16949.994141 4.000000
111.778870 16.037617 1784390.125000 -0.647553 16949.990234 4.000000
111.778870 16.037617 1784390.125000 -0.496860 16949.984375 4.000000
111.778870 16.037617 1784390.125000 -0.593266 16949.988281 4.000000
111.778870 16.037622 1784390.875000 -0.550683 16949.988281 4.000000
111.778870 16.037622 1784390.875000 -0.810638 16949.998047 4.000000
111.778870 16.037622 1784390.875000 -1.576612 16950.027344 4.000000
111.778870 16.037642 1784393.000000 -0.942222 16950.007813 4.000000
111.778870 16.037642 1784393.000000 -0.916897 16950.005859 4.000000
111.778870 16.037642 1784393.000000 -0.600849 16949.994141 4.000000
111.778870 16.037647 1784393.625000 -0.755552 16950.001953 4.000000
111.778862 16.037661 1784395.125000 -0.590411 16949.998047 4.000000
111.778862 16.037666 1784395.875000 -0.570999 16949.998047 4.000000
111.778862 16.037680 1784397.250000 -0.549631 16950.000000 4.000000
111.778862 16.037680 1784397.250000 -0.794410 16950.009766 4.000000
111.778862 16.037680 1784397.250000 -1.148506 16950.023438 4.000000
111.778862 16.037693 1784398.625000 -0.629443 16950.005859 4.000000
111.778862 16.037706 1784400.125000 -1.089261 16950.023438 4.000000
111.778862 16.037712 1784400.875000 -0.958605 16950.019531 4.000000
111.778862 16.037718 1784401.500000 -0.686763 16950.011719 4.000000
111.778862 16.037718 1784401.500000 -0.981271 16950.021484 4.000000
111.778862 16.037725 1784402.250000 -0.748733 16950.015625 4.000000
111.778854 16.037737 1784403.625000 -0.759343 16950.019531 4.000000
111.778854 16.037737 1784403.625000 -0.821285 16950.021484 4.000000
111.778854 16.037745 1784404.375000 -1.055434 16950.031250 4.000000
111.778854 16.037745 1784404.375000 -0.749525 16950.021484 4.000000
111.778854 16.037745 1784404.375000 -0.770517 16950.021484 4.000000
111.778854 16.037750 1784405.125000 -1.011959 16950.033203 4.000000
111.778854 16.037750 1784405.125000 -1.625447 16950.054688 4.000000
111.778854 16.037758 1784405.750000 -0.991372 16950.033203 4.000000
111.778854 16.037764 1784406.500000 -0.758241 16950.027344 4.000000
111.778854 16.037783 1784408.625000 -0.910773 16950.037109 4.000000
111.778854 16.037788 1784409.375000 -0.676820 16950.031250 4.000000
111.778854 16.037796 1784410.125000 -0.870042 16950.039063 4.000000
111.778847 16.037815 1784412.250000 -1.237355 16950.058594 4.000000
111.778847 16.037834 1784414.375000 -1.230240 16950.064453 4.000000
111.778847 16.037834 1784414.375000 -0.729309 16950.046875 4.000000
111.778847 16.037840 1784415.125000 -0.905703 16950.054688 4.000000
111.778847 16.037840 1784415.125000 -0.891197 16950.054688 4.000000
111.778847 16.037848 1784415.750000 -0.761578 16950.050781 4.000000
111.778847 16.037848 1784415.750000 -1.131666 16950.064453 4.000000
111.778847 16.037859 1784417.250000 -0.632915 16950.050781 4.000000
111.778847 16.037872 1784418.625000 -1.333012 16950.080078 4.000000
111.778839 16.037878 1784419.375000 -0.816508 16950.062500 4.000000
111.778839 16.037878 1784419.375000 -1.021001 16950.070313 4.000000
111.778839 16.037891 1784420.750000 -0.937265 16950.072266 4.000000
111.778839 16.037891 1784420.750000 -0.747869 16950.064453 4.000000
111.778839 16.037891 1784420.750000 -0.921662 16950.070313 4.000000
111.778839 16.037899 1784421.500000 -0.646990 16950.062500 4.000000
111.778839 16.037899 1784421.500000 -0.735584 16950.066406 4.000000
111.778839 16.037899 1784421.500000 -0.806088 16950.068359 4.000000
111.778839 16.037905 1784422.250000 -0.830257 16950.072266 4.000000
111.778839 16.037905 1784422.250000 -0.606222 16950.062500 4.000000
111.778839 16.037905 1784422.250000 -1.034848 16950.078125 4.000000
111.778839 16.037910 1784423.000000 -0.612291 16950.064453 4.000000
111.778839 16.037918 1784423.625000 -1.021610 16950.082031 4.000000
111.778839 16.037918 1784423.625000 -1.195790 16950.089844 4.000000
111.778839 16.037943 1784426.500000 -0.815220 16950.083984 4.000000
111.778831 16.037956 1784428.000000 -0.717156 16950.083984 4.000000
111.778831 16.037962 1784428.625000 -0.883496 16950.091797 4.000000
111.778831 16.037962 1784428.625000 -0.950229 16950.093750 4.000000
111.778831 16.037970 1784429.375000 -0.931665 16950.095703 4.000000
111.778831 16.037981 1784430.750000 -1.207965 16950.109375 4.000000
111.778831 16.037989 1784431.500000 -1.617169 16950.126953 4.000000
111.778831 16.038000 1784433.000000 -1.578057 16950.130859 4.000000
111.778831 16.038008 1784433.625000 -0.797299 16950.103516 4.000000
111.778831 16.038008 1784433.625000 -0.803206 16950.103516 4.000000
111.778831 16.038008 1784433.625000 -0.570240 16950.093750 4.000000
111.778831 16.038013 1784434.375000 -1.135419 16950.117188 4.000000
111.778824 16.038021 1784435.125000 -0.842937 16950.109375 4.000000
111.778824 16.038027 1784435.750000 -1.083101 16950.119141 4.000000
111.778824 16.038027 1784435.750000 -0.869928 16950.111328 4.000000
111.778824 16.038027 1784435.750000 -0.932203 16950.115234 4.000000
111.778824 16.038033 1784436.500000 -0.879565 16950.115234 4.000000
111.778824 16.038040 1784437.250000 -0.859581 16950.115234 4.000000
111.778824 16.038040 1784437.250000 -0.724255 16950.111328 4.000000
111.778824 16.038046 1784438.000000 -1.002353 16950.123047 4.000000
111.778824 16.038052 1784438.625000 -0.839971 16950.119141 4.000000
111.778824 16.038084 1784442.250000 -1.125796 16950.140625 4.000000
111.778816 16.038097 1784443.625000 -1.330191 16950.152344 4.000000
111.778816 16.038103 1784444.375000 -1.107926 16950.146484 4.000000
111.778816 16.038103 1784444.375000 -1.149569 16950.148438 4.000000
111.778816 16.038111 1784445.125000 -0.970454 16950.144531 4.000000
111.778816 16.038122 1784446.500000 -1.117639 16950.154297 4.000000
111.778816 16.038136 1784448.000000 -1.125399 16950.158203 4.000000
111.778816 16.038136 1784448.000000 -0.983329 16950.152344 4.000000
111.778816 16.038149 1784449.375000 -1.112217 16950.162109 4.000000
111.778816 16.038149 1784449.375000 -0.947810 16950.156250 4.000000
111.778816 16.038155 1784450.125000 -1.193700 16950.166016 4.000000
111.778809 16.038162 1784450.750000 -1.032563 16950.164063 4.000000
111.778809 16.038168 1784451.500000 -0.893062 16950.160156 4.000000
111.778809 16.038174 1784452.250000 -1.195086 16950.173828 4.000000
111.778809 16.038187 1784453.625000 -0.909663 16950.167969 4.000000
111.778809 16.038206 1784455.750000 -1.089649 16950.179688 4.000000
111.778809 16.038214 1784456.500000 -1.157486 16950.185547 4.000000
111.778809 16.038219 1784457.250000 -0.716472 16950.169922 4.000000
111.778809 16.038219 1784457.250000 -0.815527 16950.173828 4.000000
111.778809 16.038219 1784457.250000 -1.052127 16950.183594 4.000000
111.778801 16.038233 1784458.625000 -1.045196 16950.187500 4.000000
111.778801 16.038239 1784459.375000 -0.989129 16950.187500 4.000000
111.778801 16.038252 1784460.750000 -1.164014 16950.197266 4.000000
111.778801 16.038258 1784461.500000 -1.547838 16950.214844 4.000000
111.778801 16.038258 1784461.500000 -0.952953 16950.191406 4.000000
111.778801 16.038258 1784461.500000 -0.691594 16950.181641 4.000000
111.778801 16.038263 1784462.250000 -1.570861 16950.216797 4.000000
111.778801 16.038303 1784466.500000 -0.999375 16950.208984 4.000000
111.778793 16.038315 1784468.000000 -1.382878 16950.226563 4.000000
111.778793 16.038328 1784469.375000 -1.261861 16950.226563 4.000000
111.778793 16.038328 1784469.375000 -0.934387 16950.214844 4.000000
111.778793 16.038347 1784471.500000 -0.960854 16950.222656 4.000000
111.778793 16.038347 1784471.500000 -1.484559 16950.242188 4.000000
111.778793 16.038361 1784473.000000 -1.279428 16950.238281 4.000000
111.778793 16.038366 1784473.625000 -1.169535 16950.236328 4.000000
111.778793 16.038374 1784474.375000 -1.097791 16950.236328 4.000000
111.778786 16.038385 1784475.750000 -1.465672 16950.253906 4.000000
111.778786 16.038393 1784476.500000 -0.991958 16950.238281 4.000000
111.778786 16.038399 1784477.250000 -1.046331 16950.242188 4.000000
111.778786 16.038412 1784478.625000 -0.956837 16950.242188 4.000000
111.778786 16.038412 1784478.625000 -1.001296 16950.244141 4.000000
111.778786 16.038418 1784479.375000 -0.918301 16950.242188 4.000000
111.778786 16.038425 1784480.125000 -1.387020 16950.261719 4.000000
111.778786 16.038431 1784480.750000 -0.935944 16950.248047 4.000000
111.778786 16.038431 1784480.750000 -1.051925 16950.251953 4.000000
111.778786 16.038445 1784482.250000 -0.843424 16950.248047 4.000000
111.778778 16.038450 1784483.000000 -1.077060 16950.259766 4.000000
111.778778 16.038450 1784483.000000 -1.076476 16950.259766 4.000000
111.778778 16.038458 1784483.625000 -0.850758 16950.251953 4.000000
111.778778 16.038464 1784484.375000 -1.652138 16950.285156 4.000000
111.778778 16.038469 1784485.125000 -1.300145 16950.273438 4.000000
111.778778 16.038477 1784485.750000 -0.973017 16950.263672 4.000000
111.778778 16.038477 1784485.750000 -0.880420 16950.259766 4.000000
111.778778 16.038477 1784485.750000 -1.020870 16950.265625 4.000000
111.778778 16.038483 1784486.500000 -0.874361 16950.261719 4.000000
111.778778 16.038496 1784488.000000 -0.769641 16950.261719 4.000000
111.778770 16.038521 1784490.875000 -1.045226 16950.279297 4.000000
111.778770 16.038528 1784491.500000 -1.882211 16950.312500 4.000000
111.778770 16.038528 1784491.500000 -1.158900 16950.285156 4.000000
111.778770 16.038540 1784493.000000 -1.171094 16950.289063 4.000000
111.778770 16.038540 1784493.000000 -1.939627 16950.318359 4.000000
111.778770 16.038548 1784493.625000 -0.889678 16950.281250 4.000000
111.778770 16.038548 1784493.625000 -1.080166 16950.287109 4.000000
111.778770 16.038548 1784493.625000 -1.318792 16950.296875 4.000000
111.778770 16.038572 1784496.500000 -1.089357 16950.294922 4.000000
111.778770 16.038572 1784496.500000 -0.774655 16950.283203 4.000000
111.778770 16.038578 1784497.250000 -1.040588 16950.294922 4.000000
111.778770 16.038578 1784497.250000 -0.772540 16950.285156 4.000000
111.778770 16.038578 1784497.250000 -1.292006 16950.304688 4.000000
111.778770 16.038578 1784497.250000 -1.030753 16950.294922 4.000000
111.778770 16.038586 1784498.000000 -1.248803 16950.304688 4.000000
111.778770 16.038586 1784498.000000 -1.713298 16950.322266 4.000000
111.778770 16.038586 1784498.000000 -1.162926 16950.302734 4.000000
111.778770 16.038586 1784498.000000 -1.105387 16950.300781 4.000000
111.778770 16.038586 1784498.000000 -1.055658 16950.298828 4.000000
111.778763 16.038591 1784498.625000 -1.002363 16950.298828 4.000000
111.778763 16.038591 1784498.625000 -1.204392 16950.304688 4.000000
111.778763 16.038599 1784499.375000 -1.155868 16950.304688 4.000000
111.778763 16.038605 1784500.125000 -0.912572 16950.298828 4.000000
111.778763 16.038610 1784500.875000 -0.716806 16950.292969 4.000000
111.778763 16.038610 1784500.875000 -0.989077 16950.302734 4.000000
111.778763 16.038637 1784503.625000 -1.203059 16950.318359 4.000000
111.778763 16.038637 1784503.625000 -0.953867 16950.308594 4.000000
111.778763 16.038643 1784504.375000 -1.064006 16950.314453 4.000000
111.778763 16.038651 1784505.125000 -1.336698 16950.326172 4.000000
111.778755 16.038662 1784506.500000 -0.885867 16950.312500 4.000000
111.778755 16.038662 1784506.500000 -0.946220 16950.314453 4.000000
111.778755 16.038675 1784508.000000 -1.516853 16950.339844 4.000000
111.778755 16.038675 1784508.000000 -0.989529 16950.320313 4.000000
111.778755 16.038689 1784509.375000 -1.156344 16950.330078 4.000000
111.778755 16.038694 1784510.125000 -0.939316 16950.322266 4.000000
111.778755 16.038694 1784510.125000 -0.673537 16950.312500 4.000000
111.778755 16.038700 1784510.875000 -1.213102 16950.333984 4.000000
111.778755 16.038700 1784510.875000 -1.389595 16950.341797 4.000000
111.778755 16.038713 1784512.250000 -1.135067 16950.335938 4.000000
111.778755 16.038713 1784512.250000 -2.146001 16950.373047 4.000000
111.778755 16.038727 1784513.625000 -1.888137 16950.367188 4.000000
111.778748 16.038733 1784514.375000 -1.113717 16950.339844 4.000000
111.778748 16.038740 1784515.125000 -0.917329 16950.333984 4.000000
111.778748 16.038746 1784515.875000 -1.018898 16950.337891 4.000000
111.778748 16.038752 1784516.500000 -0.787623 16950.332031 4.000000
111.778748 16.038765 1784518.000000 -1.154219 16950.347656 4.000000
111.778748 16.038778 1784519.375000 -0.814178 16950.337891 4.000000
111.778748 16.038792 1784520.875000 -0.766873 16950.339844 4.000000
111.778748 16.038803 1784522.250000 -0.991088 16950.351563 4.000000
111.778740 16.038811 1784523.000000 -1.202527 16950.359375 4.000000
111.778740 16.038811 1784523.000000 -0.818513 16950.345703 4.000000
111.778740 16.038811 1784523.000000 -1.006830 16950.353516 4.000000
111.778740 16.038816 1784523.625000 -1.124569 16950.359375 4.000000
111.778740 16.038816 1784523.625000 -1.341176 16950.367188 4.000000
111.778740 16.038822 1784524.375000 -0.948795 16950.353516 4.000000
111.778740 16.038822 1784524.375000 -1.273472 16950.365234 4.000000
111.778740 16.038830 1784525.125000 -0.926183 16950.353516 4.000000
111.778740 16.038849 1784527.250000 -0.910120 16950.357422 4.000000
111.778740 16.038855 1784528.000000 -1.231346 16950.371094 4.000000
111.778732 16.038887 1784531.500000 -1.184552 16950.375000 4.000000
111.778732 16.038887 1784531.500000 -0.936175 16950.365234 4.000000
111.778732 16.038887 1784531.500000 -0.936888 16950.365234 4.000000
111.778732 16.038900 1784533.000000 -1.510238 16950.388672 4.000000
111.778732 16.038906 1784533.625000 -1.354839 16950.384766 4.000000
111.778732 16.038914 1784534.375000 -0.900424 16950.369141 4.000000
111.778732 16.038919 1784535.125000 -1.308036 16950.384766 4.000000
111.778732 16.038919 1784535.125000 -2.153410 16950.417969 4.000000
111.778732 16.038919 1784535.125000 -0.765160 16950.365234 4.000000
111.778732 16.038919 1784535.125000 -1.041928 16950.375000 4.000000
111.778732 16.038933 1784536.500000 -1.175811 16950.382813 4.000000
111.778732 16.038944 1784538.000000 -1.635685 16950.402344 4.000000
111.778732 16.038944 1784538.000000 -1.237252 16950.386719 4.000000
111.778732 16.038944 1784538.000000 -1.077734 16950.380859 4.000000
111.778732 16.038944 1784538.000000 -0.956503 16950.376953 4.000000
111.778725 16.038971 1784540.750000 -0.983403 16950.382813 4.000000
111.778725 16.038971 1784540.750000 -1.063069 16950.384766 4.000000
111.778725 16.038977 1784541.500000 -0.930579 16950.380859 4.000000
111.778725 16.038984 1784542.250000 -1.118103 16950.392578 4.000000
111.778725 16.038984 1784542.250000 -1.343013 16950.402344 4.000000
111.778725 16.038990 1784543.000000 -0.931153 16950.386719 4.000000
111.778725 16.038990 1784543.000000 -0.959485 16950.388672 4.000000
111.778725 16.038996 1784543.625000 -1.493755 16950.408203 4.000000
111.778725 16.038996 1784543.625000 -1.336159 16950.402344 4.000000
111.778725 16.038996 1784543.625000 -1.075195 16950.392578 4.000000
111.778725 16.039015 1784545.750000 -0.876083 16950.388672 4.000000
111.778717 16.039022 1784546.500000 -1.362268 16950.406250 4.000000
111.778717 16.039028 1784547.250000 -1.035129 16950.394531 4.000000
111.778717 16.039028 1784547.250000 -1.175901 16950.400391 4.000000
111.778717 16.039034 1784548.000000 -1.224285 16950.402344 4.000000
111.778717 16.039042 1784548.625000 -1.052474 16950.396484 4.000000
111.778717 16.039047 1784549.375000 -1.409849 16950.410156 4.000000
111.778717 16.039061 1784550.750000 -1.435352 16950.412109 4.000000
111.778717 16.039066 1784551.500000 -0.861493 16950.392578 4.000000
111.778717 16.039074 1784552.250000 -0.699563 16950.386719 4.000000
111.778717 16.039080 1784553.000000 -1.355373 16950.412109 4.000000
111.778717 16.039080 1784553.000000 -1.294117 16950.408203 4.000000
111.778717 16.039080 1784553.000000 -1.104083 16950.402344 4.000000
111.778717 16.039085 1784553.625000 -1.668622 16950.423828 4.000000
111.778717 16.039085 1784553.625000 -1.420747 16950.414063 4.000000
111.778717 16.039093 1784554.375000 -0.940833 16950.396484 4.000000
111.778717 16.039093 1784554.375000 -1.039379 16950.400391 4.000000
111.778709 16.039099 1784555.125000 -0.834646 16950.392578 4.000000
111.778709 16.039099 1784555.125000 -1.767417 16950.427734 4.000000
111.778709 16.039099 1784555.125000 -1.132877 16950.404297 4.000000
111.778709 16.039106 1784555.750000 -0.927300 16950.396484 4.000000
111.778709 16.039112 1784556.500000 -1.090082 16950.404297 4.000000
111.778709 16.039112 1784556.500000 -0.948956 16950.398438 4.000000
111.778709 16.039112 1784556.500000 -1.832346 16950.431641 4.000000
111.778709 16.039125 1784558.000000 -1.061686 16950.404297 4.000000
111.778709 16.039125 1784558.000000 -0.984146 16950.400391 4.000000
111.778709 16.039131 1784558.625000 -1.115159 16950.406250 4.000000
111.778709 16.039137 1784559.375000 -1.067028 16950.404297 4.000000
111.778709 16.039156 1784561.500000 -0.864242 16950.398438 4.000000
111.778702 16.039169 1784563.000000 -1.982888 16950.439453 4.000000
111.778702 16.039177 1784563.625000 -1.068276 16950.406250 4.000000
111.778702 16.039188 1784565.125000 -1.423918 16950.419922 4.000000
111.778702 16.039196 1784565.750000 -1.176209 16950.410156 4.000000
111.778702 16.039202 1784566.500000 -1.296885 16950.416016 4.000000
111.778702 16.039202 1784566.500000 -1.006742 16950.404297 4.000000
111.778702 16.039207 1784567.250000 -1.213039 16950.412109 4.000000
111.778702 16.039227 1784569.375000 -1.359870 16950.417969 4.000000
111.778702 16.039234 1784570.125000 -1.318136 16950.416016 4.000000
111.778702 16.039240 1784570.750000 -1.301505 16950.416016 4.000000
111.778694 16.039267 1784573.625000 -1.096288 16950.408203 4.000000
111.778694 16.039297 1784577.250000 -1.638202 16950.429688 4.000000
111.778694 16.039305 1784577.875000 -1.532948 16950.425781 4.000000
111.778694 16.039310 1784578.625000 -1.366374 16950.419922 4.000000
111.778694 16.039310 1784578.625000 -1.325108 16950.417969 4.000000
111.778687 16.039330 1784580.750000 -1.027597 16950.406250 4.000000
111.778687 16.039330 1784580.750000 -1.181372 16950.412109 4.000000
111.778687 16.039337 1784581.500000 -1.195324 16950.412109 4.000000
111.778687 16.039337 1784581.500000 -1.727773 16950.431641 4.000000
111.778687 16.039343 1784582.250000 -1.376589 16950.417969 4.000000
111.778687 16.039356 1784583.625000 -1.468045 16950.421875 4.000000
111.778687 16.039356 1784583.625000 -1.598183 16950.425781 4.000000
111.778687 16.039375 1784585.750000 -2.382950 16950.455078 4.000000
111.778687 16.039381 1784586.500000 -1.115782 16950.408203 4.000000
111.778679 16.039408 1784589.375000 -1.171088 16950.408203 4.000000
111.778679 16.039413 1784590.000000 -1.568725 16950.423828 4.000000
111.778679 16.039413 1784590.000000 -1.322398 16950.414063 4.000000
111.778679 16.039427 1784591.500000 -1.532019 16950.421875 4.000000
111.778679 16.039438 1784592.875000 -1.156957 16950.406250 4.000000
111.778679 16.039452 1784594.375000 -1.398489 16950.416016 4.000000
111.778671 16.039471 1784596.500000 -1.189067 16950.406250 4.000000
111.778671 16.039490 1784598.625000 -2.338777 16950.447266 4.000000
111.778671 16.039503 1784600.000000 -1.365780 16950.410156 4.000000
111.778671 16.039509 1784600.750000 -1.432661 16950.412109 4.000000
111.778671 16.039522 1784602.125000 -1.566030 16950.416016 4.000000
111.778671 16.039522 1784602.125000 -1.436929 16950.412109 4.000000
111.778664 16.039541 1784604.250000 -1.441025 16950.410156 4.000000
111.778664 16.039541 1784604.250000 -1.685224 16950.419922 4.000000
111.778664 16.039541 1784604.250000 -2.123795 16950.435547 4.000000
111.778664 16.039579 1784608.625000 -1.410962 16950.406250 4.000000
111.778664 16.039587 1784609.250000 -1.464413 16950.406250 4.000000
111.778656 16.039619 1784612.875000 -1.471304 16950.404297 4.000000
111.778656 16.039619 1784612.875000 -1.441482 16950.402344 4.000000
111.778656 16.039619 1784612.875000 -2.002496 16950.423828 4.000000
111.778656 16.039631 1784614.250000 -2.575390 16950.443359 4.000000
111.778656 16.039631 1784614.250000 -1.462766 16950.402344 4.000000
111.778656 16.039644 1784615.750000 -1.565178 16950.404297 4.000000
111.778656 16.039644 1784615.750000 -1.559872 16950.404297 4.000000
111.778656 16.039644 1784615.750000 -1.632417 16950.406250 4.000000
111.778656 16.039650 1784616.375000 -2.067969 16950.421875 4.000000
111.778656 16.039650 1784616.375000 -1.531792 16950.402344 4.000000
111.778656 16.039650 1784616.375000 -1.927593 16950.417969 4.000000
111.778656 16.039658 1784617.125000 -1.189869 16950.388672 4.000000
111.778656 16.039669 1784618.500000 -1.493812 16950.398438 4.000000
111.778656 16.039682 1784620.000000 -1.916485 16950.412109 4.000000
111.778656 16.039682 1784620.000000 -1.757954 16950.406250 4.000000
111.778648 16.039696 1784621.375000 -1.705845 16950.404297 4.000000
111.778648 16.039701 1784622.125000 -1.608017 16950.398438 4.000000
111.778648 16.039707 1784622.875000 -2.252787 16950.421875 4.000000
111.778648 16.039715 1784623.500000 -1.641140 16950.398438 4.000000
111.778648 16.039715 1784623.500000 -1.657640 16950.398438 4.000000
111.778648 16.039721 1784624.250000 -2.575875 16950.431641 4.000000
111.778648 16.039721 1784624.250000 -1.654451 16950.398438 4.000000
111.778648 16.039728 1784625.000000 -1.541639 16950.392578 4.000000
111.778648 16.039734 1784625.625000 -1.566181 16950.392578 4.000000
111.778648 16.039740 1784626.375000 -1.714872 16950.398438 4.000000
111.778648 16.039740 1784626.375000 -1.717775 16950.398438 4.000000
111.778648 16.039753 1784627.750000 -1.532123 16950.388672 4.000000
111.778641 16.039759 1784628.500000 -2.289090 16950.416016 4.000000
111.778641 16.039759 1784628.500000 -1.655965 16950.392578 4.000000
111.778641 16.039778 1784630.625000 -1.674059 16950.390625 4.000000
111.778641 16.039778 1784630.625000 -2.080198 16950.406250 4.000000
111.778641 16.039804 1784633.500000 -1.838784 16950.392578 4.000000
111.778641 16.039824 1784635.625000 -1.664876 16950.382813 4.000000
111.778633 16.039837 1784637.000000 -1.526324 16950.376953 4.000000
111.778633 16.039843 1784637.750000 -1.614367 16950.378906 4.000000
111.778633 16.039843 1784637.750000 -1.707896 16950.380859 4.000000
111.778633 16.039862 1784639.875000 -1.732659 16950.378906 4.000000
111.778633 16.039862 1784639.875000 -2.331793 16950.402344 4.000000
111.778633 16.039862 1784639.875000 -2.110268 16950.392578 4.000000
111.778633 16.039862 1784639.875000 -2.209314 16950.396484 4.000000
111.778633 16.039881 1784642.000000 -1.692806 16950.375000 4.000000
111.778633 16.039886 1784642.750000 -1.570561 16950.369141 4.000000
111.778633 16.039900 1784644.125000 -2.015924 16950.382813 4.000000
111.778633 16.039900 1784644.125000 -1.767060 16950.375000 4.000000
111.778633 16.039906 1784644.875000 -1.640794 16950.369141 4.000000
111.778625 16.039913 1784645.625000 -1.551612 16950.363281 4.000000
111.778625 16.039913 1784645.625000 -2.017814 16950.380859 4.000000
111.778625 16.039919 1784646.250000 -1.874603 16950.375000 4.000000
111.778625 16.039951 1784649.875000 -1.961964 16950.371094 4.000000
111.778625 16.039951 1784649.875000 -1.828075 16950.367188 4.000000
111.778625 16.039951 1784649.875000 -1.951258 16950.371094 4.000000
111.778625 16.039957 1784650.500000 -2.128219 16950.376953 4.000000
111.778625 16.039957 1784650.625000 -1.835254 16950.365234 4.000000
111.778625 16.039957 1784650.625000 -1.787636 16950.365234 4.000000
111.778625 16.039957 1784650.500000 -2.064239 16950.375000 4.000000
111.778625 16.039970 1784652.000000 -2.269626 16950.378906 4.000000
111.778625 16.039976 1784652.750000 -2.700946 16950.394531 4.000000
111.778625 16.039976 1784652.750000 -1.646438 16950.355469 4.000000
111.778618 16.040003 1784655.500000 -1.931454 16950.361328 4.000000
111.778618 16.040009 1784656.250000 -1.556101 16950.345703 4.000000
111.778618 16.040014 1784657.000000 -1.656745 16950.347656 4.000000
111.778618 16.040014 1784657.000000 -1.877811 16950.357422 4.000000
111.778618 16.040022 1784657.625000 -2.057574 16950.361328 4.000000
111.778618 16.040028 1784658.375000 -2.591388 16950.380859 4.000000
111.778618 16.040035 1784659.125000 -2.004733 16950.357422 4.000000
111.778610 16.040060 1784661.875000 -2.733737 16950.378906 4.000000
111.778610 16.040060 1784661.875000 -2.478356 16950.369141 4.000000
111.778610 16.040066 1784662.625000 -1.910257 16950.347656 4.000000
111.778610 16.040066 1784662.625000 -2.129938 16950.355469 4.000000
111.778610 16.040079 1784664.000000 -3.822068 16950.416016 4.000000
111.778610 16.040092 1784665.500000 -2.682994 16950.371094 4.000000
111.778610 16.040098 1784666.250000 -2.819046 16950.375000 4.000000
111.778610 16.040104 1784666.875000 -2.689728 16950.369141 4.000000
111.778610 16.040112 1784667.625000 -3.243715 16950.388672 4.000000
111.778610 16.040112 1784667.625000 -3.219177 16950.386719 4.000000
111.778610 16.040117 1784668.375000 -3.187061 16950.384766 4.000000
111.778603 16.040131 1784669.750000 -3.545429 16950.394531 4.000000
111.778603 16.040142 1784671.125000 -4.254643 16950.417969 4.000000
111.778603 16.040150 1784671.875000 -3.121827 16950.375000 4.000000
111.778603 16.040161 1784673.250000 -3.446433 16950.384766 4.000000
111.778603 16.040161 1784673.250000 -3.160976 16950.373047 4.000000
111.778603 16.040194 1784676.875000 -4.381106 16950.412109 4.000000
111.778603 16.040201 1784677.500000 -3.397613 16950.375000 4.000000
111.778595 16.040207 1784678.250000 -3.861357 16950.390625 4.000000
111.778595 16.040220 1784679.625000 -4.001897 16950.392578 4.000000
111.778595 16.040226 1784680.375000 -3.664277 16950.378906 4.000000
111.778595 16.040239 1784681.750000 -3.427927 16950.367188 4.000000
111.778595 16.040245 1784682.500000 -4.226847 16950.394531 4.000000
111.778595 16.040251 1784683.250000 -3.713007 16950.375000 4.000000
111.778595 16.040251 1784683.250000 -4.671067 16950.410156 4.000000
111.778595 16.040251 1784683.250000 -3.889076 16950.380859 4.000000
111.778595 16.040264 1784684.625000 -4.315934 16950.392578 4.000000
111.778595 16.040264 1784684.625000 -3.838950 16950.375000 4.000000
111.778587 16.040289 1784687.500000 -3.988179 16950.375000 4.000000
111.778587 16.040302 1784688.875000 -3.920973 16950.369141 4.000000
111.778587 16.040308 1784689.625000 -4.586541 16950.392578 4.000000
111.778587 16.040308 1784689.625000 -3.162983 16950.339844 4.000000
111.778587 16.040321 1784691.000000 -4.031573 16950.369141 4.000000
111.778580 16.040346 1784693.875000 -5.948429 16950.435547 4.000000
111.778580 16.040346 1784693.875000 -5.654244 16950.423828 4.000000
111.778580 16.040354 1784694.625000 -4.879617 16950.394531 4.000000
111.778580 16.040354 1784694.625000 -4.640410 16950.384766 4.000000
111.778580 16.040359 1784695.250000 -4.241791 16950.369141 4.000000
111.778580 16.040365 1784696.000000 -5.264328 16950.406250 4.000000
111.778580 16.040373 1784696.750000 -4.976746 16950.392578 4.000000
111.778580 16.040384 1784698.125000 -5.833729 16950.421875 4.000000
111.778580 16.040384 1784698.125000 -4.504657 16950.373047 4.000000
111.778580 16.040417 1784701.625000 -4.864635 16950.378906 4.000000
111.778572 16.040430 1784703.125000 -4.792924 16950.375000 4.000000
111.778572 16.040443 1784704.500000 -5.213588 16950.386719 4.000000
111.778572 16.040468 1784707.375000 -4.923556 16950.371094 4.000000
111.778572 16.040482 1784708.750000 -5.011570 16950.371094 4.000000
111.778572 16.040487 1784709.500000 -4.952900 16950.367188 4.000000
111.778564 16.040506 1784711.625000 -5.419171 16950.380859 4.000000
111.778564 16.040512 1784712.250000 -4.956357 16950.361328 4.000000
111.778564 16.040525 1784713.750000 -5.564289 16950.380859 4.000000
111.778564 16.040531 1784714.375000 -5.387974 16950.373047 4.000000
111.778564 16.040545 1784715.750000 -4.963619 16950.355469 4.000000
111.778564 16.040564 1784717.875000 -5.297548 16950.363281 4.000000
111.778564 16.040569 1784718.625000 -5.350120 16950.363281 4.000000
111.778557 16.040577 1784719.375000 -5.126791 16950.353516 4.000000
111.778557 16.040577 1784719.375000 -5.331531 16950.361328 4.000000
111.778557 16.040588 1784720.750000 -5.037982 16950.347656 4.000000
111.778557 16.040607 1784722.875000 -5.418273 16950.357422 4.000000
111.778557 16.040615 1784723.625000 -5.981740 16950.376953 4.000000
111.778557 16.040615 1784723.625000 -5.873148 16950.373047 4.000000
111.778557 16.040621 1784724.250000 -5.090888 16950.341797 4.000000
111.778557 16.040627 1784725.000000 -5.345867 16950.349609 4.000000
111.778557 16.040627 1784725.000000 -5.059184 16950.339844 4.000000
111.778557 16.040640 1784726.375000 -5.001599 16950.333984 4.000000
111.778549 16.040653 1784727.875000 -5.157942 16950.337891 4.000000
111.778549 16.040678 1784730.625000 -5.101336 16950.330078 4.000000
111.778549 16.040678 1784730.625000 -5.735548 16950.353516 4.000000
111.778549 16.040703 1784733.500000 -5.124282 16950.324219 4.000000
111.778549 16.040716 1784734.875000 -5.177994 16950.324219 4.000000
111.778549 16.040722 1784735.625000 -4.769223 16950.306641 4.000000
111.778542 16.040741 1784737.750000 -5.268235 16950.320313 4.000000
111.778542 16.040760 1784739.875000 -4.811129 16950.298828 4.000000
111.778542 16.040787 1784742.750000 -4.773404 16950.292969 4.000000
111.778534 16.040798 1784744.125000 -4.918333 16950.294922 4.000000
111.778534 16.040825 1784747.000000 -5.231009 16950.300781 4.000000
111.778534 16.040844 1784749.125000 -6.184981 16950.332031 4.000000
111.778534 16.040869 1784751.875000 -4.806466 16950.273438 4.000000
111.778526 16.040932 1784759.000000 -5.137888 16950.271484 4.000000
111.778526 16.040939 1784759.625000 -5.451560 16950.281250 4.000000
111.778526 16.040945 1784760.375000 -5.156087 16950.269531 4.000000
111.778519 16.040951 1784761.125000 -6.034542 16950.300781 4.000000
111.778519 16.040964 1784762.500000 -4.647558 16950.246094 4.000000
111.778519 16.040970 1784763.250000 -6.863667 16950.326172 4.000000
111.778519 16.040977 1784763.875000 -5.795630 16950.285156 4.000000
111.778519 16.040983 1784764.625000 -6.051017 16950.292969 4.000000
111.778519 16.040991 1784765.375000 -6.226113 16950.298828 4.000000
111.778519 16.040991 1784765.375000 -5.636698 16950.277344 4.000000
111.778519 16.041010 1784767.500000 -5.938217 16950.283203 4.000000
111.778519 16.041016 1784768.125000 -5.506176 16950.265625 4.000000
111.778511 16.041021 1784768.875000 -5.662738 16950.271484 4.000000
111.778511 16.041029 1784769.625000 -6.787754 16950.310547 4.000000
111.778511 16.041040 1784771.000000 -7.217467 16950.324219 4.000000
111.778511 16.041040 1784771.000000 -6.430425 16950.294922 4.000000
111.778511 16.041054 1784772.375000 -5.839830 16950.269531 4.000000
111.778511 16.041067 1784773.875000 -7.579952 16950.332031 4.000000
111.778511 16.041073 1784774.500000 -6.097540 16950.275391 4.000000
111.778511 16.041079 1784775.250000 -5.886399 16950.265625 4.000000
111.778511 16.041079 1784775.250000 -6.326867 16950.281250 4.000000
111.778503 16.041092 1784776.625000 -7.030468 16950.304688 4.000000
111.778503 16.041111 1784778.750000 -5.968273 16950.261719 4.000000
111.778503 16.041117 1784779.500000 -6.719428 16950.287109 4.000000
111.778503 16.041130 1784780.875000 -6.097320 16950.261719 4.000000
111.778496 16.041182 1784786.625000 -6.393608 16950.261719 4.000000
111.778496 16.041201 1784788.750000 -8.084806 16950.320313 4.000000
111.778496 16.041212 1784790.125000 -6.347501 16950.251953 4.000000
111.778496 16.041225 1784791.500000 -6.101864 16950.240234 4.000000
111.778496 16.041225 1784791.500000 -6.822313 16950.267578 4.000000
111.778496 16.041231 1784792.250000 -6.167044 16950.242188 4.000000
111.778496 16.041231 1784792.250000 -6.396439 16950.250000 4.000000
111.778488 16.041245 1784793.625000 -6.350609 16950.246094 4.000000
111.778488 16.041250 1784794.375000 -6.718385 16950.257813 4.000000
111.778488 16.041269 1784796.500000 -7.232887 16950.273438 4.000000
111.778488 16.041269 1784796.500000 -6.640356 16950.250000 4.000000
111.778488 16.041277 1784797.250000 -6.840742 16950.255859 4.000000
111.778488 16.041277 1784797.250000 -6.096059 16950.228516 4.000000
111.778488 16.041307 1784800.750000 -6.398269 16950.232422 4.000000
111.778488 16.041307 1784800.750000 -7.563507 16950.275391 4.000000
111.778481 16.041346 1784805.000000 -6.192887 16950.216797 4.000000
111.778481 16.041353 1784805.750000 -6.321176 16950.220703 4.000000
111.778481 16.041353 1784805.750000 -6.460128 16950.224609 4.000000
111.778481 16.041372 1784807.875000 -8.339949 16950.291016 4.000000
111.778481 16.041372 1784807.875000 -6.232976 16950.212891 4.000000
111.778481 16.041391 1784810.000000 -6.126153 16950.205078 4.000000
111.778473 16.041397 1784810.625000 -6.263942 16950.208984 4.000000
111.778473 16.041416 1784812.750000 -6.706545 16950.220703 4.000000
111.778473 16.041416 1784812.750000 -6.241763 16950.203125 4.000000
111.778473 16.041430 1784814.250000 -6.269614 16950.201172 4.000000
111.778473 16.041443 1784815.625000 -6.360633 16950.201172 4.000000
111.778473 16.041468 1784818.500000 -6.105368 16950.187500 4.000000
111.778465 16.041481 1784819.875000 -8.290754 16950.265625 4.000000
111.778465 16.041492 1784821.250000 -6.161791 16950.183594 4.000000
111.778465 16.041512 1784823.375000 -6.477978 16950.191406 4.000000
111.778465 16.041525 1784824.875000 -6.300609 16950.181641 4.000000
111.778465 16.041531 1784825.500000 -6.696081 16950.195313 4.000000
111.778458 16.041544 1784827.000000 -6.731848 16950.193359 4.000000
111.778458 16.041557 1784828.375000 -6.527273 16950.183594 4.000000
111.778458 16.041576 1784830.500000 -6.668404 16950.185547 4.000000
111.778458 16.041595 1784832.625000 -6.926427 16950.189453 4.000000
111.778458 16.041601 1784833.375000 -7.968815 16950.228516 4.000000
111.778458 16.041609 1784834.000000 -7.392804 16950.205078 4.000000
111.778450 16.041634 1784836.875000 -7.124999 16950.189453 4.000000
111.778450 16.041647 1784838.375000 -6.594372 16950.167969 4.000000
111.778450 16.041658 1784839.750000 -6.560613 16950.164063 4.000000
111.778450 16.041672 1784841.125000 -6.725718 16950.167969 4.000000
111.778450 16.041691 1784843.250000 -6.630644 16950.160156 4.000000
111.778442 16.041697 1784844.000000 -6.841649 16950.166016 4.000000
111.778442 16.041742 1784849.000000 -7.199072 16950.169922 4.000000
111.778435 16.041800 1784855.375000 -7.423087 16950.167969 4.000000
111.778427 16.041851 1784861.000000 -7.390140 16950.156250 4.000000
111.778427 16.041864 1784862.500000 -8.008811 16950.177734 4.000000
111.778427 16.041870 1784863.250000 -8.270193 16950.185547 4.000000
111.778427 16.041876 1784863.875000 -7.627090 16950.160156 4.000000
111.778427 16.041883 1784864.625000 -7.540715 16950.156250 4.000000
111.778427 16.041895 1784866.000000 -7.125812 16950.138672 4.000000
111.778427 16.041908 1784867.500000 -8.037960 16950.169922 4.000000
111.778419 16.041946 1784871.750000 -7.196277 16950.130859 4.000000
111.778419 16.041965 1784873.875000 -7.843658 16950.152344 4.000000
111.778419 16.041985 1784876.000000 -7.233574 16950.125000 4.000000
111.778412 16.041998 1784877.375000 -7.997407 16950.152344 4.000000
111.778412 16.042011 1784878.875000 -7.599617 16950.134766 4.000000
111.778412 16.042030 1784881.000000 -7.994580 16950.144531 4.000000
111.778412 16.042049 1784883.125000 -8.026587 16950.142578 4.000000
111.778412 16.042055 1784883.875000 -7.741676 16950.130859 4.000000
111.778404 16.042063 1784884.500000 -8.366492 16950.152344 4.000000
111.778404 16.042107 1784889.500000 -7.957399 16950.128906 4.000000
111.778404 16.042107 1784889.500000 -7.646910 16950.119141 4.000000
111.778404 16.042112 1784890.250000 -7.972093 16950.128906 4.000000
111.778404 16.042131 1784892.375000 -8.246548 16950.136719 4.000000
111.778397 16.042202 1784900.250000 -7.942406 16950.111328 4.000000
111.778389 16.042234 1784903.750000 -8.454880 16950.125000 4.000000
111.778389 16.042234 1784903.750000 -7.428050 16950.087891 4.000000
111.778389 16.042234 1784903.750000 -8.289989 16950.119141 4.000000
111.778381 16.042318 1784913.000000 -8.329565 16950.105469 4.000000
111.778366 16.042446 1784927.250000 -8.006276 16950.072266 4.000000
111.778358 16.042530 1784936.625000 -7.931386 16950.054688 4.000000
111.778351 16.042652 1784950.125000 -8.629961 16950.062500 4.000000
111.778351 16.042658 1784950.875000 -8.057264 16950.039063 4.000000
111.778343 16.042690 1784954.500000 -8.317444 16950.042969 4.000000
